Ic (@Vce=1.2V) = {0.4654mA, 0.8008mA, 1.321mA, 2.148mA, 3.590mA
6.306mA, 11.11mA, 18.39mA, 27.58mA, 37.33mA, 44.82mA, 50.65mA
56.15mA, 61.37mA}

H21 vs. freq

Point prm/cv                     freq                 H21_dB.m
    0   0/ 0  1.0000000000000000E+009  2.1550383395816780E+001
    1   1/ 0  2.0000000000000000E+009  1.5264893641661990E+001
    2   2/ 0  3.0000000000000000E+009  1.1656857686276860E+001
    3   3/ 0  4.0000000000000000E+009  9.1279261378019889E+000
    4   4/ 0  5.0000000000000000E+009  7.1422256029967119E+000
    5   5/ 0  6.0000000000000000E+009  5.5896453057564326E+000
    6   6/ 0  7.0000000000000000E+009  4.4104722291608542E+000
    7   7/ 0  8.0000000000000000E+009  3.3012674553120620E+000
    8   8/ 0  9.0000000000000000E+009  2.4527903462005280E+000
    9   9/ 0  1.0000000000000000E+010  1.5334366351626649E+000
   10  10/ 0  1.1000000000000000E+010  8.5350018313631781E-001
   11  11/ 0  1.2000000000000000E+010  2.2736440711179079E-001
   12  12/ 0  1.3000000000000000E+010 -2.8480526438629739E-001
   13  13/ 0  1.4000000000000000E+010 -8.2704914015059139E-001
   14  14/ 0  1.5000000000000000E+010 -1.2694013367973229E+000
   15  15/ 0  1.6000000000000000E+010 -1.9412802890613490E+000
   16  16/ 0  1.7000000000000000E+010 -1.9975618057341871E+000
   17  17/ 0  1.8000000000000000E+010 -2.4210563383933681E+000
   18  18/ 0  1.9000000000000000E+010 -2.6021147826636768E+000
   19  19/ 0  2.0000000000000000E+010 -3.0033499966695909E+000
   20  20/ 0  2.1000000000000000E+010 -3.1407178671364022E+000
   21  21/ 0  2.2000000000000000E+010 -3.3651650511255879E+000
   22  22/ 0  2.3000000000000000E+010 -3.6397000735126088E+000
   23  23/ 0  2.4000000000000000E+010 -3.7658427920203490E+000
   24  24/ 0  2.5000000000000000E+010 -3.8935950722496111E+000
   25  25/ 0  2.6000000000000000E+010 -4.1539711154384023E+000
   26  26/ 0  2.7000000000000000E+010 -4.2864177132196897E+000
   27  27/ 0  2.8000000000000000E+010 -4.4007884219141857E+000
   28  28/ 0  2.9000000000000000E+010 -4.4786365603734763E+000
   29  29/ 0  3.0000000000000000E+010 -4.5965315749156694E+000
   30  30/ 0  3.1000000000000000E+010 -4.8550680376989819E+000
   31  31/ 0  3.2000000000000000E+010 -4.6961661442669911E+000
   32  32/ 0  3.3000000000000000E+010 -4.8606855117944026E+000
   33  33/ 0  3.4000000000000000E+010 -4.8901261448014077E+000
   34  34/ 0  3.5000000000000000E+010 -5.0519730562785190E+000
   35  35/ 0  3.6000000000000000E+010 -5.3254299252475672E+000
   36  36/ 0  3.7000000000000000E+010 -5.5708684749405837E+000
   37  37/ 0  3.8000000000000000E+010 -5.5788406747760266E+000
   38  38/ 0  3.9000000000000000E+010 -5.6565700911441574E+000
   39  39/ 0  4.0000000000000000E+010 -5.2166742009151799E+000
   40  40/ 0  4.1000000000000000E+010 -5.4806692202078491E+000
   41  41/ 0  4.2000000000000000E+010 -5.3169407839971994E+000
   42  42/ 0  4.3000000000000000E+010 -5.4177547538112156E+000
   43  43/ 0  4.4000000000000000E+010 -6.0416323663932934E+000
   44  44/ 0  4.5000000000000000E+010 -5.9054360228918634E+000
   45  45/ 0  4.6000000000000000E+010 -7.2174424807185336E+000
   46  46/ 0  4.7000000000000000E+010 -1.0921839646607950E+001
   47  47/ 0  4.8000000000000000E+010 -1.1193818423142391E+001
   48  48/ 0  4.9000000000000000E+010 -9.7938498657993698E+000
   49  49/ 0  5.0000000000000000E+010 -6.8843400215453974E+000
   50  50/ 0  5.1000000000000000E+010 -6.4119577520491768E+000
   51  51/ 0  5.2000000000000000E+010 -8.0512653654893143E+000
   52  52/ 0  5.3000000000000000E+010 -5.1456458644592367E+000
   53  53/ 0  5.4000000000000000E+010 -6.5191309956227776E+000
   54  54/ 0  5.5000000000000000E+010 -6.1099174807468728E+000
   55  55/ 0  5.6000000000000000E+010 -8.3571619628655931E+000
   56  56/ 0  5.7000000000000000E+010 -6.0432335851029526E+000
   57  57/ 0  5.8000000000000000E+010 -5.7507133084355520E+000
   58  58/ 0  5.9000000000000000E+010 -7.1110342197558829E+000
   59  59/ 0  6.0000000000000000E+010 -8.8197779391103452E+000
   60  60/ 0  6.1000000000000000E+010 -5.3781805542275336E+000
   61  61/ 0  6.2000000000000000E+010 -5.8717405957726934E+000
   62  62/ 0  6.3000000000000000E+010 -5.2882003532499544E+000
   63  63/ 0  6.4000000000000000E+010 -5.4341891775830709E+000
   64  64/ 0  6.5000000000000000E+010 -5.8562969355797954E+000
   65  65/ 0  6.6000000000000000E+010 -6.0018794168479692E+000
   66  66/ 0  6.7000000000000000E+010 -5.9531308612664731E+000
   67  67/ 0  6.8000000000000000E+010 -6.0416708631451224E+000
   68  68/ 0  6.9000000000000000E+010 -6.1444573590516329E+000
   69  69/ 0  7.0000000000000000E+010 -5.7263482585363601E+000
   70  70/ 0  7.1000000000000000E+010 -6.0032111036197433E+000
   71  71/ 0  7.2000000000000000E+010 -6.0322653881847348E+000
   72  72/ 0  7.3000000000000000E+010 -6.0658099117252897E+000
   73  73/ 0  7.4000000000000000E+010 -6.1640749312340324E+000
   74  74/ 0  7.5000000000000000E+010 -6.0986825244291190E+000
   75  75/ 0  7.6000000000000000E+010 -6.0884182977104047E+000
   76  76/ 0  7.7000000000000000E+010 -5.9460626815744959E+000
   77  77/ 0  7.8000000000000000E+010 -6.0560427063455879E+000
   78  78/ 0  7.9000000000000000E+010 -6.0753535500008731E+000
   79  79/ 0  8.0000000000000000E+010 -6.5907848287256652E+000
   80  80/ 0  8.1000000000000000E+010 -7.2798585648370331E+000
   81  81/ 0  8.2000000000000000E+010 -5.7591201001159984E+000
   82  82/ 0  8.3000000000000000E+010 -6.2120182765302694E+000
   83  83/ 0  8.4000000000000000E+010 -6.4483425684889317E+000
   84  84/ 0  8.5000000000000000E+010 -6.0748755637913190E+000
   85  85/ 0  8.6000000000000000E+010 -6.0733602275136134E+000
   86  86/ 0  8.7000000000000000E+010 -6.0120947436708230E+000
   87  87/ 0  8.8000000000000000E+010 -6.1377825014808582E+000
   88  88/ 0  8.9000000000000000E+010 -6.1285368034124268E+000
   89  89/ 0  9.0000000000000000E+010 -5.7930859770831074E+000
   90  90/ 0  9.1000000000000000E+010 -6.0505100526796420E+000
   91  91/ 0  9.2000000000000000E+010 -5.8925380850574172E+000
   92  92/ 0  9.3000000000000000E+010 -6.5432115804867284E+000
   93  93/ 0  9.4000000000000000E+010 -6.6536379754684516E+000
   94   0/ 1  1.0000000000000000E+009  2.8367839867653920E+001
   95   1/ 1  2.0000000000000000E+009  2.1982111385117221E+001
   96   2/ 1  3.0000000000000000E+009  1.8369400438844469E+001
   97   3/ 1  4.0000000000000000E+009  1.5782417740739151E+001
   98   4/ 1  5.0000000000000000E+009  1.3738132365300620E+001
   99   5/ 1  6.0000000000000000E+009  1.2151224472085371E+001
  100   6/ 1  7.0000000000000000E+009  1.0878380355708140E+001
  101   7/ 1  8.0000000000000000E+009  9.6782302485426435E+000
  102   8/ 1  9.0000000000000000E+009  8.7904551998845211E+000
  103   9/ 1  1.0000000000000000E+010  7.7291825423820697E+000
  104  10/ 1  1.1000000000000000E+010  6.9443671541437224E+000
  105  11/ 1  1.2000000000000000E+010  6.2276034455954203E+000
  106  12/ 1  1.3000000000000000E+010  5.6001253732922418E+000
  107  13/ 1  1.4000000000000000E+010  4.9297251242324318E+000
  108  14/ 1  1.5000000000000000E+010  4.3683178333728838E+000
  109  15/ 1  1.6000000000000000E+010  3.5595957329700290E+000
  110  16/ 1  1.7000000000000000E+010  3.4189084578620328E+000
  111  17/ 1  1.8000000000000000E+010  2.8341994432761259E+000
  112  18/ 1  1.9000000000000000E+010  2.5732237220170142E+000
  113  19/ 1  2.0000000000000000E+010  2.0089294302471088E+000
  114  20/ 1  2.1000000000000000E+010  1.7878871763086930E+000
  115  21/ 1  2.2000000000000000E+010  1.4397295919593329E+000
  116  22/ 1  2.3000000000000000E+010  1.0114085407946820E+000
  117  23/ 1  2.4000000000000000E+010  8.5406013463480779E-001
  118  24/ 1  2.5000000000000000E+010  5.6867783302144037E-001
  119  25/ 1  2.6000000000000000E+010  1.5902265569850571E-001
  120  26/ 1  2.7000000000000000E+010 -6.4875618296265938E-002
  121  27/ 1  2.8000000000000000E+010 -2.5406352209290861E-001
  122  28/ 1  2.9000000000000000E+010 -4.8995482051143580E-001
  123  29/ 1  3.0000000000000000E+010 -7.2745254210791277E-001
  124  30/ 1  3.1000000000000000E+010 -1.0391896515302701E+000
  125  31/ 1  3.2000000000000000E+010 -9.0723691312888377E-001
  126  32/ 1  3.3000000000000000E+010 -1.1759925162412419E+000
  127  33/ 1  3.4000000000000000E+010 -1.5095574158701339E+000
  128  34/ 1  3.5000000000000000E+010 -1.5700839996908600E+000
  129  35/ 1  3.6000000000000000E+010 -2.0573866524558801E+000
  130  36/ 1  3.7000000000000000E+010 -2.1989230010082390E+000
  131  37/ 1  3.8000000000000000E+010 -2.2159757428337321E+000
  132  38/ 1  3.9000000000000000E+010 -2.5280374621856758E+000
  133  39/ 1  4.0000000000000000E+010 -1.9712000948639130E+000
  134  40/ 1  4.1000000000000000E+010 -2.4752236593554451E+000
  135  41/ 1  4.2000000000000000E+010 -2.4426469842876140E+000
  136  42/ 1  4.3000000000000000E+010 -2.8881214183064912E+000
  137  43/ 1  4.4000000000000000E+010 -3.2830849715686492E+000
  138  44/ 1  4.5000000000000000E+010 -3.1336678894678949E+000
  139  45/ 1  4.6000000000000000E+010 -4.1293779297765978E+000
  140  46/ 1  4.7000000000000000E+010 -6.2401170826099959E+000
  141  47/ 1  4.8000000000000000E+010 -6.9821992810264630E+000
  142  48/ 1  4.9000000000000000E+010 -6.7100513350878384E+000
  143  49/ 1  5.0000000000000000E+010 -6.1236104400387994E+000
  144  50/ 1  5.1000000000000000E+010 -6.5368715464864700E+000
  145  51/ 1  5.2000000000000000E+010 -4.4141184900741006E+000
  146  52/ 1  5.3000000000000000E+010 -2.5418468428531740E+000
  147  53/ 1  5.4000000000000000E+010 -3.7413685997192960E+000
  148  54/ 1  5.5000000000000000E+010 -4.7441115729962329E+000
  149  55/ 1  5.6000000000000000E+010 -5.4228089580679217E+000
  150  56/ 1  5.7000000000000000E+010 -4.6496923745901944E+000
  151  57/ 1  5.8000000000000000E+010 -3.2481455458304591E+000
  152  58/ 1  5.9000000000000000E+010 -4.4423830619456464E+000
  153  59/ 1  6.0000000000000000E+010 -5.9731427119692180E+000
  154  60/ 1  6.1000000000000000E+010 -2.9215673905106598E+000
  155  61/ 1  6.2000000000000000E+010 -3.4611357909103209E+000
  156  62/ 1  6.3000000000000000E+010 -2.8776354238717250E+000
  157  63/ 1  6.4000000000000000E+010 -3.1300762777140250E+000
  158  64/ 1  6.5000000000000000E+010 -3.6000690126613590E+000
  159  65/ 1  6.6000000000000000E+010 -3.7124768365714020E+000
  160  66/ 1  6.7000000000000000E+010 -3.7157807145798900E+000
  161  67/ 1  6.8000000000000000E+010 -3.8314362385236271E+000
  162  68/ 1  6.9000000000000000E+010 -3.8901722672633499E+000
  163  69/ 1  7.0000000000000000E+010 -3.4917495687279581E+000
  164  70/ 1  7.1000000000000000E+010 -3.8732473489371522E+000
  165  71/ 1  7.2000000000000000E+010 -3.8694050563354359E+000
  166  72/ 1  7.3000000000000000E+010 -3.9291285335948749E+000
  167  73/ 1  7.4000000000000000E+010 -4.0260045283165482E+000
  168  74/ 1  7.5000000000000000E+010 -4.0989191545867634E+000
  169  75/ 1  7.6000000000000000E+010 -4.1364736150999857E+000
  170  76/ 1  7.7000000000000000E+010 -4.0250970141314033E+000
  171  77/ 1  7.8000000000000000E+010 -4.1753005999714530E+000
  172  78/ 1  7.9000000000000000E+010 -4.2655954949801451E+000
  173  79/ 1  8.0000000000000000E+010 -4.7718724176730873E+000
  174  80/ 1  8.1000000000000000E+010 -5.4251930903426944E+000
  175  81/ 1  8.2000000000000000E+010 -3.9506143487613659E+000
  176  82/ 1  8.3000000000000000E+010 -4.3429509498360730E+000
  177  83/ 1  8.4000000000000000E+010 -4.6751546423584474E+000
  178  84/ 1  8.5000000000000000E+010 -4.3028667886282967E+000
  179  85/ 1  8.6000000000000000E+010 -4.4042720656785734E+000
  180  86/ 1  8.7000000000000000E+010 -4.3325412309160054E+000
  181  87/ 1  8.8000000000000000E+010 -4.4785456718892114E+000
  182  88/ 1  8.9000000000000000E+010 -4.4817584923943619E+000
  183  89/ 1  9.0000000000000000E+010 -4.2121505406918178E+000
  184  90/ 1  9.1000000000000000E+010 -4.5568411832978972E+000
  185  91/ 1  9.2000000000000000E+010 -4.4176581362769802E+000
  186  92/ 1  9.3000000000000000E+010 -4.9695351228257296E+000
  187  93/ 1  9.4000000000000000E+010 -5.0423015337847570E+000
  188   0/ 2  1.0000000000000000E+009  3.4317174820547727E+001
  189   1/ 2  2.0000000000000000E+009  2.8095766358960098E+001
  190   2/ 2  3.0000000000000000E+009  2.4474905558426482E+001
  191   3/ 2  4.0000000000000000E+009  2.1874681192571451E+001
  192   4/ 2  5.0000000000000000E+009  1.9818842235913820E+001
  193   5/ 2  6.0000000000000000E+009  1.8225696391689759E+001
  194   6/ 2  7.0000000000000000E+009  1.6916679014816658E+001
  195   7/ 2  8.0000000000000000E+009  1.5705781027633069E+001
  196   8/ 2  9.0000000000000000E+009  1.4817811638926321E+001
  197   9/ 2  1.0000000000000000E+010  1.3722800973928400E+001
  198  10/ 2  1.1000000000000000E+010  1.2914532154512971E+001
  199  11/ 2  1.2000000000000000E+010  1.2201704576120189E+001
  200  12/ 2  1.3000000000000000E+010  1.1509229984356610E+001
  201  13/ 2  1.4000000000000000E+010  1.0824879465633691E+001
  202  14/ 2  1.5000000000000000E+010  1.0235942428548009E+001
  203  15/ 2  1.6000000000000000E+010  9.4260270197122349E+000
  204  16/ 2  1.7000000000000000E+010  9.1882334470909139E+000
  205  17/ 2  1.8000000000000000E+010  8.5863450745824270E+000
  206  18/ 2  1.9000000000000000E+010  8.2912973473084790E+000
  207  19/ 2  2.0000000000000000E+010  7.6707467904447677E+000
  208  20/ 2  2.1000000000000000E+010  7.4272796045617753E+000
  209  21/ 2  2.2000000000000000E+010  7.0221047865615516E+000
  210  22/ 2  2.3000000000000000E+010  6.5630521444866314E+000
  211  23/ 2  2.4000000000000000E+010  6.4008882785025119E+000
  212  24/ 2  2.5000000000000000E+010  6.0105331389932832E+000
  213  25/ 2  2.6000000000000000E+010  5.5674600888312620E+000
  214  26/ 2  2.7000000000000000E+010  5.3388521329148837E+000
  215  27/ 2  2.8000000000000000E+010  5.0192606349219702E+000
  216  28/ 2  2.9000000000000000E+010  4.7543324592448482E+000
  217  29/ 2  3.0000000000000000E+010  4.4909713727381790E+000
  218  30/ 2  3.1000000000000000E+010  4.1510548746167304E+000
  219  31/ 2  3.2000000000000000E+010  4.1799795734348013E+000
  220  32/ 2  3.3000000000000000E+010  3.8826720659322018E+000
  221  33/ 2  3.4000000000000000E+010  3.4269547349818898E+000
  222  34/ 2  3.5000000000000000E+010  3.4759947779982001E+000
  223  35/ 2  3.6000000000000000E+010  2.9172155950549850E+000
  224  36/ 2  3.7000000000000000E+010  2.7054350681241979E+000
  225  37/ 2  3.8000000000000000E+010  2.5112495733665430E+000
  226  38/ 2  3.9000000000000000E+010  2.3053550626027959E+000
  227  39/ 2  4.0000000000000000E+010  2.7113511602235461E+000
  228  40/ 2  4.1000000000000000E+010  2.1308731219727850E+000
  229  41/ 2  4.2000000000000000E+010  1.8766288237820801E+000
  230  42/ 2  4.3000000000000000E+010  1.4820862208746739E+000
  231  43/ 2  4.4000000000000000E+010  1.4339060529915491E+000
  232  44/ 2  4.5000000000000000E+010  1.4196870019711290E+000
  233  45/ 2  4.6000000000000000E+010  1.0598137296871399E+000
  234  46/ 2  4.7000000000000000E+010  7.6718329097172955E-001
  235  47/ 2  4.8000000000000000E+010 -4.3346022246262322E-001
  236  48/ 2  4.9000000000000000E+010 -2.2547772883943051E+000
  237  49/ 2  5.0000000000000000E+010 -2.1581886196940130E+000
  238  50/ 2  5.1000000000000000E+010 -3.2768613809371132E+000
  239  51/ 2  5.2000000000000000E+010 -7.4551703696137461E-001
  240  52/ 2  5.3000000000000000E+010  4.1449288020104419E-001
  241  53/ 2  5.4000000000000000E+010 -1.6311000053295430E-001
  242  54/ 2  5.5000000000000000E+010 -1.6156807046739010E+000
  243  55/ 2  5.6000000000000000E+010 -1.9737812277396180E-001
  244  56/ 2  5.7000000000000000E+010 -6.9840644006559260E-001
  245  57/ 2  5.8000000000000000E+010 -3.0342681547688460E-001
  246  58/ 2  5.9000000000000000E+010  1.3253013645574019E-001
  247  59/ 2  6.0000000000000000E+010 -9.1470433572253140E-001
  248  60/ 2  6.1000000000000000E+010  8.4302510183898660E-001
  249  61/ 2  6.2000000000000000E+010  2.9909923482950201E-001
  250  62/ 2  6.3000000000000000E+010  8.1089704832390552E-001
  251  63/ 2  6.4000000000000000E+010  6.3216641693832454E-001
  252  64/ 2  6.5000000000000000E+010  1.2954456230392711E-001
  253  65/ 2  6.6000000000000000E+010 -5.2343892931879209E-002
  254  66/ 2  6.7000000000000000E+010 -8.6491984321460644E-002
  255  67/ 2  6.8000000000000000E+010 -2.4993341029721189E-001
  256  68/ 2  6.9000000000000000E+010 -3.3646179706469481E-001
  257  69/ 2  7.0000000000000000E+010 -7.7585784915145686E-002
  258  70/ 2  7.1000000000000000E+010 -4.7399005921192983E-001
  259  71/ 2  7.2000000000000000E+010 -4.7571938222594262E-001
  260  72/ 2  7.3000000000000000E+010 -6.0355832577614543E-001
  261  73/ 2  7.4000000000000000E+010 -7.4531447738716272E-001
  262  74/ 2  7.5000000000000000E+010 -7.7902943314538065E-001
  263  75/ 2  7.6000000000000000E+010 -8.4072098493050329E-001
  264  76/ 2  7.7000000000000000E+010 -7.6220244715059593E-001
  265  77/ 2  7.8000000000000000E+010 -9.4272188127536038E-001
  266  78/ 2  7.9000000000000000E+010 -1.0410452462355959E+000
  267  79/ 2  8.0000000000000000E+010 -1.6080377011780009E+000
  268  80/ 2  8.1000000000000000E+010 -2.3203613890646322E+000
  269  81/ 2  8.2000000000000000E+010 -8.6611458986756551E-001
  270  82/ 2  8.3000000000000000E+010 -1.3587124237166179E+000
  271  83/ 2  8.4000000000000000E+010 -1.6744906667670290E+000
  272  84/ 2  8.5000000000000000E+010 -1.4242450305174661E+000
  273  85/ 2  8.6000000000000000E+010 -1.4629084340995160E+000
  274  86/ 2  8.7000000000000000E+010 -1.4783377202409120E+000
  275  87/ 2  8.8000000000000000E+010 -1.6650952014585261E+000
  276  88/ 2  8.9000000000000000E+010 -1.7052717201464269E+000
  277  89/ 2  9.0000000000000000E+010 -1.4010400190668411E+000
  278  90/ 2  9.1000000000000000E+010 -1.7646846785771491E+000
  279  91/ 2  9.2000000000000000E+010 -1.7319133746571560E+000
  280  92/ 2  9.3000000000000000E+010 -2.1703581203330491E+000
  281  93/ 2  9.4000000000000000E+010 -2.3434135039683142E+000
  282   0/ 3  1.0000000000000000E+009  3.9130994557825233E+001
  283   1/ 3  2.0000000000000000E+009  3.3116476266977273E+001
  284   2/ 3  3.0000000000000000E+009  2.9496400507612311E+001
  285   3/ 3  4.0000000000000000E+009  2.6926938645804970E+001
  286   4/ 3  5.0000000000000000E+009  2.4895185876367169E+001
  287   5/ 3  6.0000000000000000E+009  2.3315569355647479E+001
  288   6/ 3  7.0000000000000000E+009  2.1971096382112211E+001
  289   7/ 3  8.0000000000000000E+009  2.0778156402959080E+001
  290   8/ 3  9.0000000000000000E+009  1.9881022823064800E+001
  291   9/ 3  1.0000000000000000E+010  1.8785340907537371E+001
  292  10/ 3  1.1000000000000000E+010  1.7985674766677331E+001
  293  11/ 3  1.2000000000000000E+010  1.7303213327235628E+001
  294  12/ 3  1.3000000000000000E+010  1.6552853290250670E+001
  295  13/ 3  1.4000000000000000E+010  1.5889450969872801E+001
  296  14/ 3  1.5000000000000000E+010  1.5290594956015051E+001
  297  15/ 3  1.6000000000000000E+010  1.4495758499440790E+001
  298  16/ 3  1.7000000000000000E+010  1.4240114187575880E+001
  299  17/ 3  1.8000000000000000E+010  1.3632121486802429E+001
  300  18/ 3  1.9000000000000000E+010  1.3312304262394390E+001
  301  19/ 3  2.0000000000000000E+010  1.2679525961101611E+001
  302  20/ 3  2.1000000000000000E+010  1.2411634064304231E+001
  303  21/ 3  2.2000000000000000E+010  1.2038808815674710E+001
  304  22/ 3  2.3000000000000000E+010  1.1568460264590490E+001
  305  23/ 3  2.4000000000000000E+010  1.1347963730471680E+001
  306  24/ 3  2.5000000000000000E+010  1.0949272992238059E+001
  307  25/ 3  2.6000000000000000E+010  1.0515332386074480E+001
  308  26/ 3  2.7000000000000000E+010  1.0259921947896361E+001
  309  27/ 3  2.8000000000000000E+010  9.9589554364625918E+000
  310  28/ 3  2.9000000000000000E+010  9.6335944151843851E+000
  311  29/ 3  3.0000000000000000E+010  9.3263277612665867E+000
  312  30/ 3  3.1000000000000000E+010  9.0296079301889680E+000
  313  31/ 3  3.2000000000000000E+010  8.9904421638133307E+000
  314  32/ 3  3.3000000000000000E+010  8.6237979051289049E+000
  315  33/ 3  3.4000000000000000E+010  8.2343709416966924E+000
  316  34/ 3  3.5000000000000000E+010  8.1318972718893594E+000
  317  35/ 3  3.6000000000000000E+010  7.6695765737217734E+000
  318  36/ 3  3.7000000000000000E+010  7.4324749253808386E+000
  319  37/ 3  3.8000000000000000E+010  7.2747982709537222E+000
  320  38/ 3  3.9000000000000000E+010  6.9475691052275792E+000
  321  39/ 3  4.0000000000000000E+010  7.3667052976320946E+000
  322  40/ 3  4.1000000000000000E+010  6.8156758059322673E+000
  323  41/ 3  4.2000000000000000E+010  6.4328577219657612E+000
  324  42/ 3  4.3000000000000000E+010  6.0768832103643087E+000
  325  43/ 3  4.4000000000000000E+010  6.1074135019984190E+000
  326  44/ 3  4.5000000000000000E+010  6.0776555986338501E+000
  327  45/ 3  4.6000000000000000E+010  6.0327400497785977E+000
  328  46/ 3  4.7000000000000000E+010  7.4175712859589726E+000
  329  47/ 3  4.8000000000000000E+010  6.0372872223297573E+000
  330  48/ 3  4.9000000000000000E+010  3.8870500966911221E+000
  331  49/ 3  5.0000000000000000E+010  3.0036465179225589E+000
  332  50/ 3  5.1000000000000000E+010  2.3872398983867349E+000
  333  51/ 3  5.2000000000000000E+010  3.7110733218875658E+000
  334  52/ 3  5.3000000000000000E+010  4.4287508999129646E+000
  335  53/ 3  5.4000000000000000E+010  4.7380577238477519E+000
  336  54/ 3  5.5000000000000000E+010  2.5964663553320650E+000
  337  55/ 3  5.6000000000000000E+010  4.5026605181344470E+000
  338  56/ 3  5.7000000000000000E+010  3.6322338227164002E+000
  339  57/ 3  5.8000000000000000E+010  3.9465101452873230E+000
  340  58/ 3  5.9000000000000000E+010  4.9167997927220100E+000
  341  59/ 3  6.0000000000000000E+010  3.5323881042340881E+000
  342  60/ 3  6.1000000000000000E+010  4.8313278403268507E+000
  343  61/ 3  6.2000000000000000E+010  4.2779352939247914E+000
  344  62/ 3  6.3000000000000000E+010  4.6930962691224494E+000
  345  63/ 3  6.4000000000000000E+010  4.5882885935628774E+000
  346  64/ 3  6.5000000000000000E+010  4.1397807402031273E+000
  347  65/ 3  6.6000000000000000E+010  3.8562585990306291E+000
  348  66/ 3  6.7000000000000000E+010  3.7961324327399630E+000
  349  67/ 3  6.8000000000000000E+010  3.6131606428369052E+000
  350  68/ 3  6.9000000000000000E+010  3.4024770246387428E+000
  351  69/ 3  7.0000000000000000E+010  3.6831198532876619E+000
  352  70/ 3  7.1000000000000000E+010  3.2426512342553000E+000
  353  71/ 3  7.2000000000000000E+010  3.2424345871406648E+000
  354  72/ 3  7.3000000000000000E+010  3.0705769072672120E+000
  355  73/ 3  7.4000000000000000E+010  2.8582877176146031E+000
  356  74/ 3  7.5000000000000000E+010  2.9455726465212022E+000
  357  75/ 3  7.6000000000000000E+010  2.8680575470908010E+000
  358  76/ 3  7.7000000000000000E+010  2.9877546742257168E+000
  359  77/ 3  7.8000000000000000E+010  2.7707892671392149E+000
  360  78/ 3  7.9000000000000000E+010  2.7539821764911658E+000
  361  79/ 3  8.0000000000000000E+010  2.0539875000557259E+000
  362  80/ 3  8.1000000000000000E+010  1.3265023772913189E+000
  363  81/ 3  8.2000000000000000E+010  2.6406147228850050E+000
  364  82/ 3  8.3000000000000000E+010  2.0649002120387618E+000
  365  83/ 3  8.4000000000000000E+010  1.7837573916609180E+000
  366  84/ 3  8.5000000000000000E+010  1.9431767463582450E+000
  367  85/ 3  8.6000000000000000E+010  1.9829727948509830E+000
  368  86/ 3  8.7000000000000000E+010  1.8832813699502311E+000
  369  87/ 3  8.8000000000000000E+010  1.6952454213703640E+000
  370  88/ 3  8.9000000000000000E+010  1.6341771199667421E+000
  371  89/ 3  9.0000000000000000E+010  1.9471653388733849E+000
  372  90/ 3  9.1000000000000000E+010  1.6557969332062710E+000
  373  91/ 3  9.2000000000000000E+010  1.5945870558263000E+000
  374  92/ 3  9.3000000000000000E+010  1.2517007613469899E+000
  375  93/ 3  9.4000000000000000E+010  1.1712004726741170E+000
  376   0/ 4  1.0000000000000000E+009  4.2468847859468653E+001
  377   1/ 4  2.0000000000000000E+009  3.6803538535065130E+001
  378   2/ 4  3.0000000000000000E+009  3.3231038495107512E+001
  379   3/ 4  4.0000000000000000E+009  3.0685565587134779E+001
  380   4/ 4  5.0000000000000000E+009  2.8733948431436591E+001
  381   5/ 4  6.0000000000000000E+009  2.7162790094058789E+001
  382   6/ 4  7.0000000000000000E+009  2.5791286282964421E+001
  383   7/ 4  8.0000000000000000E+009  2.4614071390288299E+001
  384   8/ 4  9.0000000000000000E+009  2.3681366765590798E+001
  385   9/ 4  1.0000000000000000E+010  2.2622778465288960E+001
  386  10/ 4  1.1000000000000000E+010  2.1857754801190289E+001
  387  11/ 4  1.2000000000000000E+010  2.1168105465225189E+001
  388  12/ 4  1.3000000000000000E+010  2.0407142677815610E+001
  389  13/ 4  1.4000000000000000E+010  1.9759916432756651E+001
  390  14/ 4  1.5000000000000000E+010  1.9151740424154450E+001
  391  15/ 4  1.6000000000000000E+010  1.8406957729898132E+001
  392  16/ 4  1.7000000000000000E+010  1.8050993886921749E+001
  393  17/ 4  1.8000000000000000E+010  1.7502780598025701E+001
  394  18/ 4  1.9000000000000000E+010  1.7139485921682759E+001
  395  19/ 4  2.0000000000000000E+010  1.6560414261028150E+001
  396  20/ 4  2.1000000000000000E+010  1.6278689515441439E+001
  397  21/ 4  2.2000000000000000E+010  1.5879063601609490E+001
  398  22/ 4  2.3000000000000000E+010  1.5413797222396900E+001
  399  23/ 4  2.4000000000000000E+010  1.5144126543760621E+001
  400  24/ 4  2.5000000000000000E+010  1.4719825844003131E+001
  401  25/ 4  2.6000000000000000E+010  1.4328864560178880E+001
  402  26/ 4  2.7000000000000000E+010  1.4087202182918171E+001
  403  27/ 4  2.8000000000000000E+010  1.3787692059654530E+001
  404  28/ 4  2.9000000000000000E+010  1.3473995109562210E+001
  405  29/ 4  3.0000000000000000E+010  1.3159498923842239E+001
  406  30/ 4  3.1000000000000000E+010  1.2832976082786400E+001
  407  31/ 4  3.2000000000000000E+010  1.2714951649769089E+001
  408  32/ 4  3.3000000000000000E+010  1.2425042542636010E+001
  409  33/ 4  3.4000000000000000E+010  1.2062196790411861E+001
  410  34/ 4  3.5000000000000000E+010  1.1830809698268570E+001
  411  35/ 4  3.6000000000000000E+010  1.1488592272087709E+001
  412  36/ 4  3.7000000000000000E+010  1.1088385698147560E+001
  413  37/ 4  3.8000000000000000E+010  1.0981453382861240E+001
  414  38/ 4  3.9000000000000000E+010  1.0631611216969331E+001
  415  39/ 4  4.0000000000000000E+010  1.0907000543541070E+001
  416  40/ 4  4.1000000000000000E+010  1.0472219028396291E+001
  417  41/ 4  4.2000000000000000E+010  1.0093583673921970E+001
  418  42/ 4  4.3000000000000000E+010  9.7726305542885168E+000
  419  43/ 4  4.4000000000000000E+010  9.8735663528279627E+000
  420  44/ 4  4.5000000000000000E+010  9.8288231022115493E+000
  421  45/ 4  4.6000000000000000E+010  1.0288719708468310E+001
  422  46/ 4  4.7000000000000000E+010  1.2817000948705530E+001
  423  47/ 4  4.8000000000000000E+010  1.0554210980443271E+001
  424  48/ 4  4.9000000000000000E+010  8.4701120521501796E+000
  425  49/ 4  5.0000000000000000E+010  7.3914340400179857E+000
  426  50/ 4  5.1000000000000000E+010  7.3080508500631547E+000
  427  51/ 4  5.2000000000000000E+010  6.8609751063000504E+000
  428  52/ 4  5.3000000000000000E+010  8.3025120163488619E+000
  429  53/ 4  5.4000000000000000E+010  7.9524010268121810E+000
  430  54/ 4  5.5000000000000000E+010  5.9366983237863424E+000
  431  55/ 4  5.6000000000000000E+010  8.9816910115499322E+000
  432  56/ 4  5.7000000000000000E+010  7.0610750280194168E+000
  433  57/ 4  5.8000000000000000E+010  7.7264072147641381E+000
  434  58/ 4  5.9000000000000000E+010  8.9119045404657200E+000
  435  59/ 4  6.0000000000000000E+010  7.7802275967911081E+000
  436  60/ 4  6.1000000000000000E+010  8.1873614721964056E+000
  437  61/ 4  6.2000000000000000E+010  7.6442495594287019E+000
  438  62/ 4  6.3000000000000000E+010  8.0098031497029059E+000
  439  63/ 4  6.4000000000000000E+010  7.9445405927270487E+000
  440  64/ 4  6.5000000000000000E+010  7.5512910744843627E+000
  441  65/ 4  6.6000000000000000E+010  7.1861801528227787E+000
  442  66/ 4  6.7000000000000000E+010  7.1344721810552354E+000
  443  67/ 4  6.8000000000000000E+010  6.9286794161641998E+000
  444  68/ 4  6.9000000000000000E+010  6.6851977710133914E+000
  445  69/ 4  7.0000000000000000E+010  6.8784802081629550E+000
  446  70/ 4  7.1000000000000000E+010  6.4469484936676826E+000
  447  71/ 4  7.2000000000000000E+010  6.4618604930942771E+000
  448  72/ 4  7.3000000000000000E+010  6.2359790527955852E+000
  449  73/ 4  7.4000000000000000E+010  5.9682318830135683E+000
  450  74/ 4  7.5000000000000000E+010  6.1519790319777892E+000
  451  75/ 4  7.6000000000000000E+010  6.0947948624055526E+000
  452  76/ 4  7.7000000000000000E+010  6.2228401065008656E+000
  453  77/ 4  7.8000000000000000E+010  5.9743327249841904E+000
  454  78/ 4  7.9000000000000000E+010  6.0269391658663620E+000
  455  79/ 4  8.0000000000000000E+010  5.2330995557107478E+000
  456  80/ 4  8.1000000000000000E+010  4.5037140621046783E+000
  457  81/ 4  8.2000000000000000E+010  5.7017398976699134E+000
  458  82/ 4  8.3000000000000000E+010  5.0560100660686818E+000
  459  83/ 4  8.4000000000000000E+010  4.7720804375066814E+000
  460  84/ 4  8.5000000000000000E+010  4.9306139901666306E+000
  461  85/ 4  8.6000000000000000E+010  5.0396718317297760E+000
  462  86/ 4  8.7000000000000000E+010  4.8767311991230029E+000
  463  87/ 4  8.8000000000000000E+010  4.6572734928661959E+000
  464  88/ 4  8.9000000000000000E+010  4.5902840785672936E+000
  465  89/ 4  9.0000000000000000E+010  4.9568900303547654E+000
  466  90/ 4  9.1000000000000000E+010  4.6558678733874608E+000
  467  91/ 4  9.2000000000000000E+010  4.6038154591678531E+000
  468  92/ 4  9.3000000000000000E+010  4.3495020790651351E+000
  469  93/ 4  9.4000000000000000E+010  4.2337216104876418E+000
  470   0/ 5  1.0000000000000000E+009  4.4077099327519427E+001
  471   1/ 5  2.0000000000000000E+009  3.8852463310087543E+001
  472   2/ 5  3.0000000000000000E+009  3.5531049902234692E+001
  473   3/ 5  4.0000000000000000E+009  3.3031398187333757E+001
  474   4/ 5  5.0000000000000000E+009  3.1154553111297201E+001
  475   5/ 5  6.0000000000000000E+009  2.9569476187038379E+001
  476   6/ 5  7.0000000000000000E+009  2.8243731605367440E+001
  477   7/ 5  8.0000000000000000E+009  2.7065349153751288E+001
  478   8/ 5  9.0000000000000000E+009  2.6072546325371430E+001
  479   9/ 5  1.0000000000000000E+010  2.5083640433245879E+001
  480  10/ 5  1.1000000000000000E+010  2.4301551042238160E+001
  481  11/ 5  1.2000000000000000E+010  2.3605171092398962E+001
  482  12/ 5  1.3000000000000000E+010  2.2889478993611121E+001
  483  13/ 5  1.4000000000000000E+010  2.2192549528330058E+001
  484  14/ 5  1.5000000000000000E+010  2.1596674594937859E+001
  485  15/ 5  1.6000000000000000E+010  2.0955727081585579E+001
  486  16/ 5  1.7000000000000000E+010  2.0522502603143941E+001
  487  17/ 5  1.8000000000000000E+010  2.0002280218276312E+001
  488  18/ 5  1.9000000000000000E+010  1.9580716112919578E+001
  489  19/ 5  2.0000000000000000E+010  1.9028185129164100E+001
  490  20/ 5  2.1000000000000000E+010  1.8705060730517140E+001
  491  21/ 5  2.2000000000000000E+010  1.8286071131157261E+001
  492  22/ 5  2.3000000000000000E+010  1.7872150624269288E+001
  493  23/ 5  2.4000000000000000E+010  1.7548513286275838E+001
  494  24/ 5  2.5000000000000000E+010  1.7118033600489142E+001
  495  25/ 5  2.6000000000000000E+010  1.6824841403794231E+001
  496  26/ 5  2.7000000000000000E+010  1.6476635055523300E+001
  497  27/ 5  2.8000000000000000E+010  1.6300590500915408E+001
  498  28/ 5  2.9000000000000000E+010  1.5931071409022421E+001
  499  29/ 5  3.0000000000000000E+010  1.5575027798973579E+001
  500  30/ 5  3.1000000000000000E+010  1.5222673355933530E+001
  501  31/ 5  3.2000000000000000E+010  1.5029077309023840E+001
  502  32/ 5  3.3000000000000000E+010  1.4776395027656930E+001
  503  33/ 5  3.4000000000000000E+010  1.4520826397199960E+001
  504  34/ 5  3.5000000000000000E+010  1.4111655434979779E+001
  505  35/ 5  3.6000000000000000E+010  1.3933248185217820E+001
  506  36/ 5  3.7000000000000000E+010  1.3571239887410670E+001
  507  37/ 5  3.8000000000000000E+010  1.3561492218189899E+001
  508  38/ 5  3.9000000000000000E+010  1.3112869913466991E+001
  509  39/ 5  4.0000000000000000E+010  1.3180653182291390E+001
  510  40/ 5  4.1000000000000000E+010  1.2842342452927181E+001
  511  41/ 5  4.2000000000000000E+010  1.2448153475445560E+001
  512  42/ 5  4.3000000000000000E+010  1.2124673424266470E+001
  513  43/ 5  4.4000000000000000E+010  1.2360101655861950E+001
  514  44/ 5  4.5000000000000000E+010  1.2265374695500279E+001
  515  45/ 5  4.6000000000000000E+010  1.3175923774734949E+001
  516  46/ 5  4.7000000000000000E+010  1.6460814555698072E+001
  517  47/ 5  4.8000000000000000E+010  1.3533333376657430E+001
  518  48/ 5  4.9000000000000000E+010  1.2028749542856410E+001
  519  49/ 5  5.0000000000000000E+010  1.0787093710715491E+001
  520  50/ 5  5.1000000000000000E+010  9.9361812919870260E+000
  521  51/ 5  5.2000000000000000E+010  8.7830699108186057E+000
  522  52/ 5  5.3000000000000000E+010  1.1013189223390970E+001
  523  53/ 5  5.4000000000000000E+010  1.0370157903246680E+001
  524  54/ 5  5.5000000000000000E+010  7.8662107449635794E+000
  525  55/ 5  5.6000000000000000E+010  1.1554295771036861E+001
  526  56/ 5  5.7000000000000000E+010  9.2515317140739466E+000
  527  57/ 5  5.8000000000000000E+010  1.0345538785827230E+001
  528  58/ 5  5.9000000000000000E+010  1.1932174720088890E+001
  529  59/ 5  6.0000000000000000E+010  1.1121351381575060E+001
  530  60/ 5  6.1000000000000000E+010  1.0474903030052159E+001
  531  61/ 5  6.2000000000000000E+010  9.9327813372275067E+000
  532  62/ 5  6.3000000000000000E+010  1.0302800046660300E+001
  533  63/ 5  6.4000000000000000E+010  1.0225278085774860E+001
  534  64/ 5  6.5000000000000000E+010  9.8531274432063150E+000
  535  65/ 5  6.6000000000000000E+010  9.4584163512714685E+000
  536  66/ 5  6.7000000000000000E+010  9.3715242684933884E+000
  537  67/ 5  6.8000000000000000E+010  9.1891471053678870E+000
  538  68/ 5  6.9000000000000000E+010  8.9148027767847449E+000
  539  69/ 5  7.0000000000000000E+010  9.1313059149701559E+000
  540  70/ 5  7.1000000000000000E+010  8.6777701115082877E+000
  541  71/ 5  7.2000000000000000E+010  8.6827256433717412E+000
  542  72/ 5  7.3000000000000000E+010  8.4566767692979070E+000
  543  73/ 5  7.4000000000000000E+010  8.1566101311618038E+000
  544  74/ 5  7.5000000000000000E+010  8.3929229562488050E+000
  545  75/ 5  7.6000000000000000E+010  8.3019634563015838E+000
  546  76/ 5  7.7000000000000000E+010  8.4504349850833727E+000
  547  77/ 5  7.8000000000000000E+010  8.1955942712803189E+000
  548  78/ 5  7.9000000000000000E+010  8.2639657971794875E+000
  549  79/ 5  8.0000000000000000E+010  7.4209582007428736E+000
  550  80/ 5  8.1000000000000000E+010  6.6995780058204009E+000
  551  81/ 5  8.2000000000000000E+010  7.8567363372405179E+000
  552  82/ 5  8.3000000000000000E+010  7.1757749996520070E+000
  553  83/ 5  8.4000000000000000E+010  6.8819238466654644E+000
  554  84/ 5  8.5000000000000000E+010  7.0222476739020383E+000
  555  85/ 5  8.6000000000000000E+010  7.1827782511176324E+000
  556  86/ 5  8.7000000000000000E+010  6.9976463835575684E+000
  557  87/ 5  8.8000000000000000E+010  6.7342160392989774E+000
  558  88/ 5  8.9000000000000000E+010  6.7027470628309516E+000
  559  89/ 5  9.0000000000000000E+010  7.0990400269915099E+000
  560  90/ 5  9.1000000000000000E+010  6.7743371168235189E+000
  561  91/ 5  9.2000000000000000E+010  6.6993509629336376E+000
  562  92/ 5  9.3000000000000000E+010  6.4477028493194748E+000
  563  93/ 5  9.4000000000000000E+010  6.5219182019883402E+000
  564   0/ 6  1.0000000000000000E+009  4.3637300114649058E+001
  565   1/ 6  2.0000000000000000E+009  3.9434850527449228E+001
  566   2/ 6  3.0000000000000000E+009  3.6401401696101047E+001
  567   3/ 6  4.0000000000000000E+009  3.4066389338501537E+001
  568   4/ 6  5.0000000000000000E+009  3.2243389091195617E+001
  569   5/ 6  6.0000000000000000E+009  3.0729070865096318E+001
  570   6/ 6  7.0000000000000000E+009  2.9394065193347299E+001
  571   7/ 6  8.0000000000000000E+009  2.8241872644476182E+001
  572   8/ 6  9.0000000000000000E+009  2.7233263848489781E+001
  573   9/ 6  1.0000000000000000E+010  2.6298471611430010E+001
  574  10/ 6  1.1000000000000000E+010  2.5501739528620160E+001
  575  11/ 6  1.2000000000000000E+010  2.4769320707530809E+001
  576  12/ 6  1.3000000000000000E+010  2.4071792694209130E+001
  577  13/ 6  1.4000000000000000E+010  2.3405733502499160E+001
  578  14/ 6  1.5000000000000000E+010  2.2782127527438210E+001
  579  15/ 6  1.6000000000000000E+010  2.2227838880388319E+001
  580  16/ 6  1.7000000000000000E+010  2.1684357814406130E+001
  581  17/ 6  1.8000000000000000E+010  2.1178625625478521E+001
  582  18/ 6  1.9000000000000000E+010  2.0788265861600578E+001
  583  19/ 6  2.0000000000000000E+010  2.0229145293273501E+001
  584  20/ 6  2.1000000000000000E+010  1.9924799912539878E+001
  585  21/ 6  2.2000000000000000E+010  1.9481104111092151E+001
  586  22/ 6  2.3000000000000000E+010  1.9088506642924759E+001
  587  23/ 6  2.4000000000000000E+010  1.8677519412415130E+001
  588  24/ 6  2.5000000000000000E+010  1.8346498925300612E+001
  589  25/ 6  2.6000000000000000E+010  1.8000149819538230E+001
  590  26/ 6  2.7000000000000000E+010  1.7719600966846169E+001
  591  27/ 6  2.8000000000000000E+010  1.7416668875824659E+001
  592  28/ 6  2.9000000000000000E+010  1.7098188378845990E+001
  593  29/ 6  3.0000000000000000E+010  1.6764623309662511E+001
  594  30/ 6  3.1000000000000000E+010  1.6404005418190550E+001
  595  31/ 6  3.2000000000000000E+010  1.6277636975359609E+001
  596  32/ 6  3.3000000000000000E+010  1.5950336582325191E+001
  597  33/ 6  3.4000000000000000E+010  1.5731848646987840E+001
  598  34/ 6  3.5000000000000000E+010  1.5335310200089820E+001
  599  35/ 6  3.6000000000000000E+010  1.5113564720804330E+001
  600  36/ 6  3.7000000000000000E+010  1.4622603816705899E+001
  601  37/ 6  3.8000000000000000E+010  1.4666990347519050E+001
  602  38/ 6  3.9000000000000000E+010  1.4266405060578180E+001
  603  39/ 6  4.0000000000000000E+010  1.4270308626590460E+001
  604  40/ 6  4.1000000000000000E+010  1.4027020411363431E+001
  605  41/ 6  4.2000000000000000E+010  1.3587855380962431E+001
  606  42/ 6  4.3000000000000000E+010  1.3278672351958789E+001
  607  43/ 6  4.4000000000000000E+010  1.3493613888117871E+001
  608  44/ 6  4.5000000000000000E+010  1.3507722316066040E+001
  609  45/ 6  4.6000000000000000E+010  1.4654751542081851E+001
  610  46/ 6  4.7000000000000000E+010  1.9126200015607861E+001
  611  47/ 6  4.8000000000000000E+010  1.5011481075523440E+001
  612  48/ 6  4.9000000000000000E+010  1.3964649443523420E+001
  613  49/ 6  5.0000000000000000E+010  1.2198444947821770E+001
  614  50/ 6  5.1000000000000000E+010  1.1353962435196770E+001
  615  51/ 6  5.2000000000000000E+010  9.6132127319125544E+000
  616  52/ 6  5.3000000000000000E+010  1.1458871856535410E+001
  617  53/ 6  5.4000000000000000E+010  1.1870293486407380E+001
  618  54/ 6  5.5000000000000000E+010  8.7568993648631857E+000
  619  55/ 6  5.6000000000000000E+010  1.3493830602844460E+001
  620  56/ 6  5.7000000000000000E+010  1.0565440508941570E+001
  621  57/ 6  5.8000000000000000E+010  1.1299646149417240E+001
  622  58/ 6  5.9000000000000000E+010  1.3093098498989230E+001
  623  59/ 6  6.0000000000000000E+010  1.3046989371186241E+001
  624  60/ 6  6.1000000000000000E+010  1.1639760022535279E+001
  625  61/ 6  6.2000000000000000E+010  1.1079829082092250E+001
  626  62/ 6  6.3000000000000000E+010  1.1411149642480821E+001
  627  63/ 6  6.4000000000000000E+010  1.1373776926482920E+001
  628  64/ 6  6.5000000000000000E+010  1.0972917265189761E+001
  629  65/ 6  6.6000000000000000E+010  1.0588453761425040E+001
  630  66/ 6  6.7000000000000000E+010  1.0484368686534840E+001
  631  67/ 6  6.8000000000000000E+010  1.0337336292346620E+001
  632  68/ 6  6.9000000000000000E+010  1.0023972352575891E+001
  633  69/ 6  7.0000000000000000E+010  1.0283673854960711E+001
  634  70/ 6  7.1000000000000000E+010  9.7937823009455673E+000
  635  71/ 6  7.2000000000000000E+010  9.8232273255408149E+000
  636  72/ 6  7.3000000000000000E+010  9.5930684750613846E+000
  637  73/ 6  7.4000000000000000E+010  9.2482605229982315E+000
  638  74/ 6  7.5000000000000000E+010  9.5277543807075720E+000
  639  75/ 6  7.6000000000000000E+010  9.4089489581567669E+000
  640  76/ 6  7.7000000000000000E+010  9.5843008653325583E+000
  641  77/ 6  7.8000000000000000E+010  9.2931279631029700E+000
  642  78/ 6  7.9000000000000000E+010  9.3890874024947806E+000
  643  79/ 6  8.0000000000000000E+010  8.5091012922153411E+000
  644  80/ 6  8.1000000000000000E+010  7.8509256282852933E+000
  645  81/ 6  8.2000000000000000E+010  8.9626488590475368E+000
  646  82/ 6  8.3000000000000000E+010  8.2735997277367765E+000
  647  83/ 6  8.4000000000000000E+010  7.9805451802784262E+000
  648  84/ 6  8.5000000000000000E+010  8.1258867655542524E+000
  649  85/ 6  8.6000000000000000E+010  8.2984070218502630E+000
  650  86/ 6  8.7000000000000000E+010  8.0677672761987278E+000
  651  87/ 6  8.8000000000000000E+010  7.8086591178213096E+000
  652  88/ 6  8.9000000000000000E+010  7.7630648633384611E+000
  653  89/ 6  9.0000000000000000E+010  8.1806700386804074E+000
  654  90/ 6  9.1000000000000000E+010  7.8483930045921637E+000
  655  91/ 6  9.2000000000000000E+010  7.7538600095602144E+000
  656  92/ 6  9.3000000000000000E+010  7.5636889126977422E+000
  657  93/ 6  9.4000000000000000E+010  7.5652806088572042E+000
  658   0/ 7  1.0000000000000000E+009  4.1547262277392029E+001
  659   1/ 7  2.0000000000000000E+009  3.8576652128391892E+001
  660   2/ 7  3.0000000000000000E+009  3.6027324586181123E+001
  661   3/ 7  4.0000000000000000E+009  3.3919195223241950E+001
  662   4/ 7  5.0000000000000000E+009  3.2208941013278370E+001
  663   5/ 7  6.0000000000000000E+009  3.0755226831762052E+001
  664   6/ 7  7.0000000000000000E+009  2.9496022007809000E+001
  665   7/ 7  8.0000000000000000E+009  2.8348283864044799E+001
  666   8/ 7  9.0000000000000000E+009  2.7327762840431941E+001
  667   9/ 7  1.0000000000000000E+010  2.6462214417502700E+001
  668  10/ 7  1.1000000000000000E+010  2.5650335214858639E+001
  669  11/ 7  1.2000000000000000E+010  2.4912303588356401E+001
  670  12/ 7  1.3000000000000000E+010  2.4281006151842931E+001
  671  13/ 7  1.4000000000000000E+010  2.3607685538065759E+001
  672  14/ 7  1.5000000000000000E+010  2.3006383869103900E+001
  673  15/ 7  1.6000000000000000E+010  2.2452505532601510E+001
  674  16/ 7  1.7000000000000000E+010  2.1859979549925530E+001
  675  17/ 7  1.8000000000000000E+010  2.1384792816327352E+001
  676  18/ 7  1.9000000000000000E+010  2.0935740516328170E+001
  677  19/ 7  2.0000000000000000E+010  2.0391317820551819E+001
  678  20/ 7  2.1000000000000000E+010  2.0096037269630450E+001
  679  21/ 7  2.2000000000000000E+010  1.9680723946080629E+001
  680  22/ 7  2.3000000000000000E+010  1.9236840289739739E+001
  681  23/ 7  2.4000000000000000E+010  1.8842294266233171E+001
  682  24/ 7  2.5000000000000000E+010  1.8491412312877191E+001
  683  25/ 7  2.6000000000000000E+010  1.8244960775645382E+001
  684  26/ 7  2.7000000000000000E+010  1.7864794908079400E+001
  685  27/ 7  2.8000000000000000E+010  1.7623262579866200E+001
  686  28/ 7  2.9000000000000000E+010  1.7304142333396040E+001
  687  29/ 7  3.0000000000000000E+010  1.6920539513404400E+001
  688  30/ 7  3.1000000000000000E+010  1.6605016196341310E+001
  689  31/ 7  3.2000000000000000E+010  1.6454592959668059E+001
  690  32/ 7  3.3000000000000000E+010  1.6165340626747302E+001
  691  33/ 7  3.4000000000000000E+010  1.5963076954884860E+001
  692  34/ 7  3.5000000000000000E+010  1.5652637937617060E+001
  693  35/ 7  3.6000000000000000E+010  1.5353134397429690E+001
  694  36/ 7  3.7000000000000000E+010  1.4871724324035940E+001
  695  37/ 7  3.8000000000000000E+010  1.4799908242481109E+001
  696  38/ 7  3.9000000000000000E+010  1.4434488008163660E+001
  697  39/ 7  4.0000000000000000E+010  1.4672515003786881E+001
  698  40/ 7  4.1000000000000000E+010  1.4155342564885411E+001
  699  41/ 7  4.2000000000000000E+010  1.3779465242508429E+001
  700  42/ 7  4.3000000000000000E+010  1.3403683703572129E+001
  701  43/ 7  4.4000000000000000E+010  1.3669247218230611E+001
  702  44/ 7  4.5000000000000000E+010  1.3708215189770719E+001
  703  45/ 7  4.6000000000000000E+010  1.5020490797808050E+001
  704  46/ 7  4.7000000000000000E+010  1.9475796345978111E+001
  705  47/ 7  4.8000000000000000E+010  1.5144721767635700E+001
  706  48/ 7  4.9000000000000000E+010  1.4217378407011450E+001
  707  49/ 7  5.0000000000000000E+010  1.2254463429223520E+001
  708  50/ 7  5.1000000000000000E+010  1.1206668405311200E+001
  709  51/ 7  5.2000000000000000E+010  9.7864950139998985E+000
  710  52/ 7  5.3000000000000000E+010  1.2371712333802490E+001
  711  53/ 7  5.4000000000000000E+010  1.1918190566358120E+001
  712  54/ 7  5.5000000000000000E+010  8.8115461889487854E+000
  713  55/ 7  5.6000000000000000E+010  1.4049736147180059E+001
  714  56/ 7  5.7000000000000000E+010  1.0417514189033740E+001
  715  57/ 7  5.8000000000000000E+010  1.1572391268175121E+001
  716  58/ 7  5.9000000000000000E+010  1.3409161612670390E+001
  717  59/ 7  6.0000000000000000E+010  1.3589145136887410E+001
  718  60/ 7  6.1000000000000000E+010  1.1769588886241010E+001
  719  61/ 7  6.2000000000000000E+010  1.1245942424579400E+001
  720  62/ 7  6.3000000000000000E+010  1.1542958800015739E+001
  721  63/ 7  6.4000000000000000E+010  1.1526471006275260E+001
  722  64/ 7  6.5000000000000000E+010  1.1126404943664371E+001
  723  65/ 7  6.6000000000000000E+010  1.0760332510602860E+001
  724  66/ 7  6.7000000000000000E+010  1.0634400798325171E+001
  725  67/ 7  6.8000000000000000E+010  1.0531377514446200E+001
  726  68/ 7  6.9000000000000000E+010  1.0167890494819760E+001
  727  69/ 7  7.0000000000000000E+010  1.0468604470348810E+001
  728  70/ 7  7.1000000000000000E+010  9.9664698195117278E+000
  729  71/ 7  7.2000000000000000E+010  9.9929572736665957E+000
  730  72/ 7  7.3000000000000000E+010  9.7757747590868309E+000
  731  73/ 7  7.4000000000000000E+010  9.4229051586465822E+000
  732  74/ 7  7.5000000000000000E+010  9.7027884948393748E+000
  733  75/ 7  7.6000000000000000E+010  9.5811318800892682E+000
  734  76/ 7  7.7000000000000000E+010  9.7487440235678555E+000
  735  77/ 7  7.8000000000000000E+010  9.4617094693197394E+000
  736  78/ 7  7.9000000000000000E+010  9.5398893741963402E+000
  737  79/ 7  8.0000000000000000E+010  8.6864295616092289E+000
  738  80/ 7  8.1000000000000000E+010  8.0405413565392916E+000
  739  81/ 7  8.2000000000000000E+010  9.1294751165185648E+000
  740  82/ 7  8.3000000000000000E+010  8.4591865063234035E+000
  741  83/ 7  8.4000000000000000E+010  8.1382301616270425E+000
  742  84/ 7  8.5000000000000000E+010  8.3010967655095733E+000
  743  85/ 7  8.6000000000000000E+010  8.4668432374848415E+000
  744  86/ 7  8.7000000000000000E+010  8.2405228978967315E+000
  745  87/ 7  8.8000000000000000E+010  7.9778647309706310E+000
  746  88/ 7  8.9000000000000000E+010  7.9550076162847709E+000
  747  89/ 7  9.0000000000000000E+010  8.3737349076523380E+000
  748  90/ 7  9.1000000000000000E+010  8.0064012641903695E+000
  749  91/ 7  9.2000000000000000E+010  7.8952157635705289E+000
  750  92/ 7  9.3000000000000000E+010  7.7343761201915857E+000
  751  93/ 7  9.4000000000000000E+010  7.7818560762360711E+000
  752   0/ 8  1.0000000000000000E+009  3.8472901573102739E+001
  753   1/ 8  2.0000000000000000E+009  3.6312977319455833E+001
  754   2/ 8  3.0000000000000000E+009  3.4293896642748678E+001
  755   3/ 8  4.0000000000000000E+009  3.2506592744637111E+001
  756   4/ 8  5.0000000000000000E+009  3.1052275611346850E+001
  757   5/ 8  6.0000000000000000E+009  2.9719706961024180E+001
  758   6/ 8  7.0000000000000000E+009  2.8513241779460490E+001
  759   7/ 8  8.0000000000000000E+009  2.7431464931912078E+001
  760   8/ 8  9.0000000000000000E+009  2.6436806366480891E+001
  761   9/ 8  1.0000000000000000E+010  2.5574743807508408E+001
  762  10/ 8  1.1000000000000000E+010  2.4801642839265771E+001
  763  11/ 8  1.2000000000000000E+010  2.4101766469988689E+001
  764  12/ 8  1.3000000000000000E+010  2.3414626867227220E+001
  765  13/ 8  1.4000000000000000E+010  2.2758839853379040E+001
  766  14/ 8  1.5000000000000000E+010  2.2149799210304231E+001
  767  15/ 8  1.6000000000000000E+010  2.1663873425353302E+001
  768  16/ 8  1.7000000000000000E+010  2.1026580776107100E+001
  769  17/ 8  1.8000000000000000E+010  2.0569859652471610E+001
  770  18/ 8  1.9000000000000000E+010  2.0149997477207972E+001
  771  19/ 8  2.0000000000000000E+010  1.9593682658833490E+001
  772  20/ 8  2.1000000000000000E+010  1.9301510400168389E+001
  773  21/ 8  2.2000000000000000E+010  1.8832863720553480E+001
  774  22/ 8  2.3000000000000000E+010  1.8475088678507301E+001
  775  23/ 8  2.4000000000000000E+010  1.8068262665994510E+001
  776  24/ 8  2.5000000000000000E+010  1.7741438271467000E+001
  777  25/ 8  2.6000000000000000E+010  1.7434150861895070E+001
  778  26/ 8  2.7000000000000000E+010  1.7098684909558010E+001
  779  27/ 8  2.8000000000000000E+010  1.6881889328336229E+001
  780  28/ 8  2.9000000000000000E+010  1.6525638906905460E+001
  781  29/ 8  3.0000000000000000E+010  1.6171721958558940E+001
  782  30/ 8  3.1000000000000000E+010  1.5808305203988150E+001
  783  31/ 8  3.2000000000000000E+010  1.5645841616931220E+001
  784  32/ 8  3.3000000000000000E+010  1.5317842848121010E+001
  785  33/ 8  3.4000000000000000E+010  1.5186232259227991E+001
  786  34/ 8  3.5000000000000000E+010  1.4781393098808680E+001
  787  35/ 8  3.6000000000000000E+010  1.4596860763682090E+001
  788  36/ 8  3.7000000000000000E+010  1.4200384348510310E+001
  789  37/ 8  3.8000000000000000E+010  1.4282036066507430E+001
  790  38/ 8  3.9000000000000000E+010  1.3727826172866990E+001
  791  39/ 8  4.0000000000000000E+010  1.3656486130942209E+001
  792  40/ 8  4.1000000000000000E+010  1.3390889151291629E+001
  793  41/ 8  4.2000000000000000E+010  1.3059096686431181E+001
  794  42/ 8  4.3000000000000000E+010  1.2735977676571370E+001
  795  43/ 8  4.4000000000000000E+010  1.2873471643322731E+001
  796  44/ 8  4.5000000000000000E+010  1.2884520278603921E+001
  797  45/ 8  4.6000000000000000E+010  1.4026885016568359E+001
  798  46/ 8  4.7000000000000000E+010  1.8229137361340069E+001
  799  47/ 8  4.8000000000000000E+010  1.3944710645978811E+001
  800  48/ 8  4.9000000000000000E+010  1.3387826785606039E+001
  801  49/ 8  5.0000000000000000E+010  1.1143353590569170E+001
  802  50/ 8  5.1000000000000000E+010  1.0427971023565020E+001
  803  51/ 8  5.2000000000000000E+010  9.1844231545840156E+000
  804  52/ 8  5.3000000000000000E+010  1.0835929326177530E+001
  805  53/ 8  5.4000000000000000E+010  1.1476337345861159E+001
  806  54/ 8  5.5000000000000000E+010  8.1748250304039463E+000
  807  55/ 8  5.6000000000000000E+010  1.2371512623829931E+001
  808  56/ 8  5.7000000000000000E+010  9.3397742381375650E+000
  809  57/ 8  5.8000000000000000E+010  1.0870193220192460E+001
  810  58/ 8  5.9000000000000000E+010  1.2510971403933020E+001
  811  59/ 8  6.0000000000000000E+010  1.2016749652720550E+001
  812  60/ 8  6.1000000000000000E+010  1.0948571202873810E+001
  813  61/ 8  6.2000000000000000E+010  1.0447809168199329E+001
  814  62/ 8  6.3000000000000000E+010  1.0709628390975000E+001
  815  63/ 8  6.4000000000000000E+010  1.0715215617653460E+001
  816  64/ 8  6.5000000000000000E+010  1.0328280200399879E+001
  817  65/ 8  6.6000000000000000E+010  9.9605045810557709E+000
  818  66/ 8  6.7000000000000000E+010  9.8266112221149324E+000
  819  67/ 8  6.8000000000000000E+010  9.7527484197803602E+000
  820  68/ 8  6.9000000000000000E+010  9.3693684335211476E+000
  821  69/ 8  7.0000000000000000E+010  9.6942493026931942E+000
  822  70/ 8  7.1000000000000000E+010  9.1999036953246645E+000
  823  71/ 8  7.2000000000000000E+010  9.2142793558759291E+000
  824  72/ 8  7.3000000000000000E+010  9.0092568152145667E+000
  825  73/ 8  7.4000000000000000E+010  8.6503057299115067E+000
  826  74/ 8  7.5000000000000000E+010  8.9280293721203456E+000
  827  75/ 8  7.6000000000000000E+010  8.7964325239689032E+000
  828  76/ 8  7.7000000000000000E+010  8.9972069872839615E+000
  829  77/ 8  7.8000000000000000E+010  8.6859483252674163E+000
  830  78/ 8  7.9000000000000000E+010  8.7786150037369151E+000
  831  79/ 8  8.0000000000000000E+010  7.9211461068479032E+000
  832  80/ 8  8.1000000000000000E+010  7.3360787871939772E+000
  833  81/ 8  8.2000000000000000E+010  8.3682316897636309E+000
  834  82/ 8  8.3000000000000000E+010  7.7064481800434672E+000
  835  83/ 8  8.4000000000000000E+010  7.3917929589170539E+000
  836  84/ 8  8.5000000000000000E+010  7.5730334008944569E+000
  837  85/ 8  8.6000000000000000E+010  7.7162662445789216E+000
  838  86/ 8  8.7000000000000000E+010  7.5040108995875787E+000
  839  87/ 8  8.8000000000000000E+010  7.2294228498285751E+000
  840  88/ 8  8.9000000000000000E+010  7.2426076503602053E+000
  841  89/ 8  9.0000000000000000E+010  7.6331165523821394E+000
  842  90/ 8  9.1000000000000000E+010  7.2833482005739194E+000
  843  91/ 8  9.2000000000000000E+010  7.1604261286677682E+000
  844  92/ 8  9.3000000000000000E+010  7.0929812170150486E+000
  845  93/ 8  9.4000000000000000E+010  7.1617732374942413E+000
  846   0/ 9  1.0000000000000000E+009  3.3249893655817857E+001
  847   1/ 9  2.0000000000000000E+009  3.1253457180085778E+001
  848   2/ 9  3.0000000000000000E+009  2.9167258661165391E+001
  849   3/ 9  4.0000000000000000E+009  2.7553613013632649E+001
  850   4/ 9  5.0000000000000000E+009  2.6130965877290990E+001
  851   5/ 9  6.0000000000000000E+009  2.4822151153391061E+001
  852   6/ 9  7.0000000000000000E+009  2.3619021772425310E+001
  853   7/ 9  8.0000000000000000E+009  2.2558555982441749E+001
  854   8/ 9  9.0000000000000000E+009  2.1573489136516990E+001
  855   9/ 9  1.0000000000000000E+010  2.0742278409233840E+001
  856  10/ 9  1.1000000000000000E+010  1.9945725456860650E+001
  857  11/ 9  1.2000000000000000E+010  1.9249085656817041E+001
  858  12/ 9  1.3000000000000000E+010  1.8608091020457529E+001
  859  13/ 9  1.4000000000000000E+010  1.7964618700873910E+001
  860  14/ 9  1.5000000000000000E+010  1.7403106984733579E+001
  861  15/ 9  1.6000000000000000E+010  1.7027137257844011E+001
  862  16/ 9  1.7000000000000000E+010  1.6257353381462949E+001
  863  17/ 9  1.8000000000000000E+010  1.5880095387877070E+001
  864  18/ 9  1.9000000000000000E+010  1.5458383460246980E+001
  865  19/ 9  2.0000000000000000E+010  1.4986289007293189E+001
  866  20/ 9  2.1000000000000000E+010  1.4657654889022931E+001
  867  21/ 9  2.2000000000000000E+010  1.4233194985898731E+001
  868  22/ 9  2.3000000000000000E+010  1.3877311027159379E+001
  869  23/ 9  2.4000000000000000E+010  1.3588958394833680E+001
  870  24/ 9  2.5000000000000000E+010  1.3136523825973089E+001
  871  25/ 9  2.6000000000000000E+010  1.2865779331960271E+001
  872  26/ 9  2.7000000000000000E+010  1.2610984837514010E+001
  873  27/ 9  2.8000000000000000E+010  1.2362074727734070E+001
  874  28/ 9  2.9000000000000000E+010  1.2046141063347619E+001
  875  29/ 9  3.0000000000000000E+010  1.1777838292055760E+001
  876  30/ 9  3.1000000000000000E+010  1.1497963790835501E+001
  877  31/ 9  3.2000000000000000E+010  1.1227833622969779E+001
  878  32/ 9  3.3000000000000000E+010  1.0947678722585049E+001
  879  33/ 9  3.4000000000000000E+010  1.0694298347840251E+001
  880  34/ 9  3.5000000000000000E+010  1.0542531981792900E+001
  881  35/ 9  3.6000000000000000E+010  1.0348424368079341E+001
  882  36/ 9  3.7000000000000000E+010  9.8974938177576561E+000
  883  37/ 9  3.8000000000000000E+010  1.0145886450545600E+001
  884  38/ 9  3.9000000000000000E+010  9.5896023848613208E+000
  885  39/ 9  4.0000000000000000E+010  9.5718992633150322E+000
  886  40/ 9  4.1000000000000000E+010  9.1500133542414233E+000
  887  41/ 9  4.2000000000000000E+010  8.8258530999447924E+000
  888  42/ 9  4.3000000000000000E+010  8.4670582909764374E+000
  889  43/ 9  4.4000000000000000E+010  8.6485907494671963E+000
  890  44/ 9  4.5000000000000000E+010  8.7691117513048624E+000
  891  45/ 9  4.6000000000000000E+010  9.0381354352594556E+000
  892  46/ 9  4.7000000000000000E+010  1.1207845821508119E+001
  893  47/ 9  4.8000000000000000E+010  8.6758478825211753E+000
  894  48/ 9  4.9000000000000000E+010  8.2864270383667655E+000
  895  49/ 9  5.0000000000000000E+010  5.9334268879224172E+000
  896  50/ 9  5.1000000000000000E+010  5.8942871147434284E+000
  897  51/ 9  5.2000000000000000E+010  5.4711302619736601E+000
  898  52/ 9  5.3000000000000000E+010  7.5015188759971450E+000
  899  53/ 9  5.4000000000000000E+010  7.4046185495151704E+000
  900  54/ 9  5.5000000000000000E+010  4.6990811907776084E+000
  901  55/ 9  5.6000000000000000E+010  7.2986556244983376E+000
  902  56/ 9  5.7000000000000000E+010  5.7802466513429032E+000
  903  57/ 9  5.8000000000000000E+010  6.8238747088006564E+000
  904  58/ 9  5.9000000000000000E+010  8.0783580403930522E+000
  905  59/ 9  6.0000000000000000E+010  7.3050890186468980E+000
  906  60/ 9  6.1000000000000000E+010  6.8221266746488798E+000
  907  61/ 9  6.2000000000000000E+010  6.3408716507782739E+000
  908  62/ 9  6.3000000000000000E+010  6.5771463292003158E+000
  909  63/ 9  6.4000000000000000E+010  6.6297985008090698E+000
  910  64/ 9  6.5000000000000000E+010  6.2775087635319800E+000
  911  65/ 9  6.6000000000000000E+010  5.9288341495021024E+000
  912  66/ 9  6.7000000000000000E+010  5.7751831003074141E+000
  913  67/ 9  6.8000000000000000E+010  5.7716684500246851E+000
  914  68/ 9  6.9000000000000000E+010  5.3529336080363699E+000
  915  69/ 9  7.0000000000000000E+010  5.7058632139525942E+000
  916  70/ 9  7.1000000000000000E+010  5.2750888567388854E+000
  917  71/ 9  7.2000000000000000E+010  5.2562758586987233E+000
  918  72/ 9  7.3000000000000000E+010  5.1165481700145721E+000
  919  73/ 9  7.4000000000000000E+010  4.7377647802736291E+000
  920  74/ 9  7.5000000000000000E+010  5.0970298215671672E+000
  921  75/ 9  7.6000000000000000E+010  4.9252774654808773E+000
  922  76/ 9  7.7000000000000000E+010  5.1771332077110994E+000
  923  77/ 9  7.8000000000000000E+010  4.8853388277448770E+000
  924  78/ 9  7.9000000000000000E+010  4.9691974884820187E+000
  925  79/ 9  8.0000000000000000E+010  4.1432469697531902E+000
  926  80/ 9  8.1000000000000000E+010  3.6394288710458178E+000
  927  81/ 9  8.2000000000000000E+010  4.6492416379745514E+000
  928  82/ 9  8.3000000000000000E+010  4.0003413523361750E+000
  929  83/ 9  8.4000000000000000E+010  3.7054114036628949E+000
  930  84/ 9  8.5000000000000000E+010  3.8990895658162059E+000
  931  85/ 9  8.6000000000000000E+010  4.0486260114177250E+000
  932  86/ 9  8.7000000000000000E+010  3.8473390959306641E+000
  933  87/ 9  8.8000000000000000E+010  3.5847824555804340E+000
  934  88/ 9  8.9000000000000000E+010  3.6328739287290230E+000
  935  89/ 9  9.0000000000000000E+010  3.9648576288678159E+000
  936  90/ 9  9.1000000000000000E+010  3.6722113260349891E+000
  937  91/ 9  9.2000000000000000E+010  3.5674695127956180E+000
  938  92/ 9  9.3000000000000000E+010  3.4814550550507839E+000
  939  93/ 9  9.4000000000000000E+010  3.4637652551405229E+000
  940   0/10  1.0000000000000000E+009  2.7815040459176380E+001
  941   1/10  2.0000000000000000E+009  2.3484116358216720E+001
  942   2/10  3.0000000000000000E+009  2.0342723719671771E+001
  943   3/10  4.0000000000000000E+009  1.7998271399950589E+001
  944   4/10  5.0000000000000000E+009  1.6176229136319598E+001
  945   5/10  6.0000000000000000E+009  1.4665093813690230E+001
  946   6/10  7.0000000000000000E+009  1.3401587496817401E+001
  947   7/10  8.0000000000000000E+009  1.2316660177472150E+001
  948   8/10  9.0000000000000000E+009  1.1359870810634590E+001
  949   9/10  1.0000000000000000E+010  1.0522210727752300E+001
  950  10/10  1.1000000000000000E+010  9.7513994586982804E+000
  951  11/10  1.2000000000000000E+010  9.0802629797715202E+000
  952  12/10  1.3000000000000000E+010  8.4606351203587842E+000
  953  13/10  1.4000000000000000E+010  7.8744681715871909E+000
  954  14/10  1.5000000000000000E+010  7.3370712309472257E+000
  955  15/10  1.6000000000000000E+010  6.9152170254275216E+000
  956  16/10  1.7000000000000000E+010  6.3740154703107974E+000
  957  17/10  1.8000000000000000E+010  5.9780933091597399E+000
  958  18/10  1.9000000000000000E+010  5.5723909504905649E+000
  959  19/10  2.0000000000000000E+010  5.1617233334910297E+000
  960  20/10  2.1000000000000000E+010  4.8751007698864992E+000
  961  21/10  2.2000000000000000E+010  4.5297494521458761E+000
  962  22/10  2.3000000000000000E+010  4.2070156731401536E+000
  963  23/10  2.4000000000000000E+010  3.9295450966294778E+000
  964  24/10  2.5000000000000000E+010  3.6439479737520268E+000
  965  25/10  2.6000000000000000E+010  3.3852797437539879E+000
  966  26/10  2.7000000000000000E+010  3.1062255889315402E+000
  967  27/10  2.8000000000000000E+010  2.9224796036264009E+000
  968  28/10  2.9000000000000000E+010  2.6730696289726610E+000
  969  29/10  3.0000000000000000E+010  2.4516555809770870E+000
  970  30/10  3.1000000000000000E+010  2.1379111478914039E+000
  971  31/10  3.2000000000000000E+010  2.0503354850449651E+000
  972  32/10  3.3000000000000000E+010  1.8046462897208571E+000
  973  33/10  3.4000000000000000E+010  1.7240033170407600E+000
  974  34/10  3.5000000000000000E+010  1.5351532257115921E+000
  975  35/10  3.6000000000000000E+010  1.4633592545894121E+000
  976  36/10  3.7000000000000000E+010  9.3959620463849924E-001
  977  37/10  3.8000000000000000E+010  1.3289406202649590E+000
  978  38/10  3.9000000000000000E+010  6.6893029662222980E-001
  979  39/10  4.0000000000000000E+010  8.2725991919538322E-001
  980  40/10  4.1000000000000000E+010  4.3678437212050442E-001
  981  41/10  4.2000000000000000E+010  2.1539752357150219E-001
  982  42/10  4.3000000000000000E+010 -1.3004767441909429E-001
  983  43/10  4.4000000000000000E+010 -2.5884285419636133E-001
  984  44/10  4.5000000000000000E+010  2.6699480917710121E-002
  985  45/10  4.6000000000000000E+010 -6.6112085621325090E-001
  986  46/10  4.7000000000000000E+010 -8.4567479937082357E-001
  987  47/10  4.8000000000000000E+010 -3.1830356765528900E+000
  988  48/10  4.9000000000000000E+010 -2.5323762663996541E+000
  989  49/10  5.0000000000000000E+010 -5.9459978383804843E+000
  990  50/10  5.1000000000000000E+010 -5.4888830865446572E+000
  991  51/10  5.2000000000000000E+010 -3.0180469370096721E+000
  992  52/10  5.3000000000000000E+010 -1.0073761141358140E+000
  993  53/10  5.4000000000000000E+010 -8.4534314210665662E-001
  994  54/10  5.5000000000000000E+010 -3.4762016290293771E+000
  995  55/10  5.6000000000000000E+010 -1.9251957499630770E+000
  996  56/10  5.7000000000000000E+010 -2.5917621648246651E+000
  997  57/10  5.8000000000000000E+010 -1.1526222187950410E+000
  998  58/10  5.9000000000000000E+010 -9.9196476348828821E-001
  999  59/10  6.0000000000000000E+010 -1.5162584956632490E+000
 1000  60/10  6.1000000000000000E+010 -9.2463358316287925E-001
 1001  61/10  6.2000000000000000E+010 -1.3482622958941151E+000
 1002  62/10  6.3000000000000000E+010 -1.1010148087194600E+000
 1003  63/10  6.4000000000000000E+010 -1.0121919520191589E+000
 1004  64/10  6.5000000000000000E+010 -1.3223409801591350E+000
 1005  65/10  6.6000000000000000E+010 -1.5933812564013019E+000
 1006  66/10  6.7000000000000000E+010 -1.7435064535393749E+000
 1007  67/10  6.8000000000000000E+010 -1.6645038483401460E+000
 1008  68/10  6.9000000000000000E+010 -2.0432357214883599E+000
 1009  69/10  7.0000000000000000E+010 -1.6536221465020580E+000
 1010  70/10  7.1000000000000000E+010 -2.0404086483781572E+000
 1011  71/10  7.2000000000000000E+010 -2.0152967020263941E+000
 1012  72/10  7.3000000000000000E+010 -2.0866424161752790E+000
 1013  73/10  7.4000000000000000E+010 -2.4547259258661529E+000
 1014  74/10  7.5000000000000000E+010 -2.0800758022372530E+000
 1015  75/10  7.6000000000000000E+010 -2.2306301342620229E+000
 1016  76/10  7.7000000000000000E+010 -1.9006808584527499E+000
 1017  77/10  7.8000000000000000E+010 -2.1845556424824939E+000
 1018  78/10  7.9000000000000000E+010 -2.0706369343106319E+000
 1019  79/10  8.0000000000000000E+010 -2.8368388900713142E+000
 1020  80/10  8.1000000000000000E+010 -3.2385295109072838E+000
 1021  81/10  8.2000000000000000E+010 -2.2436397689330532E+000
 1022  82/10  8.3000000000000000E+010 -2.8353682285417459E+000
 1023  83/10  8.4000000000000000E+010 -3.1097140466399691E+000
 1024  84/10  8.5000000000000000E+010 -2.8304915383309779E+000
 1025  85/10  8.6000000000000000E+010 -2.6819266245009441E+000
 1026  86/10  8.7000000000000000E+010 -2.8702769576268889E+000
 1027  87/10  8.8000000000000000E+010 -3.0790903148996089E+000
 1028  88/10  8.9000000000000000E+010 -2.9857826958131080E+000
 1029  89/10  9.0000000000000000E+010 -2.6123081439673670E+000
 1030  90/10  9.1000000000000000E+010 -2.8830277646124838E+000
 1031  91/10  9.2000000000000000E+010 -2.9705536161001689E+000
 1032  92/10  9.3000000000000000E+010 -2.9649820463415129E+000
 1033  93/10  9.4000000000000000E+010 -2.9001643775294781E+000
 1034   0/11  1.0000000000000000E+009  2.2198657105738778E+001
 1035   1/11  2.0000000000000000E+009  1.8713122294118591E+001
 1036   2/11  3.0000000000000000E+009  1.5896311804625810E+001
 1037   3/11  4.0000000000000000E+009  1.3689364948422959E+001
 1038   4/11  5.0000000000000000E+009  1.1914186721417130E+001
 1039   5/11  6.0000000000000000E+009  1.0427867167597300E+001
 1040   6/11  7.0000000000000000E+009  9.1709169672579378E+000
 1041   7/11  8.0000000000000000E+009  8.0767049143778262E+000
 1042   8/11  9.0000000000000000E+009  7.1147674518666921E+000
 1043   9/11  1.0000000000000000E+010  6.2625417290121232E+000
 1044  10/11  1.1000000000000000E+010  5.4800520949831766E+000
 1045  11/11  1.2000000000000000E+010  4.7978180491908953E+000
 1046  12/11  1.3000000000000000E+010  4.1632269480387931E+000
 1047  13/11  1.4000000000000000E+010  3.5702344790368148E+000
 1048  14/11  1.5000000000000000E+010  3.0232245088299079E+000
 1049  15/11  1.6000000000000000E+010  2.5550389147808170E+000
 1050  16/11  1.7000000000000000E+010  2.0609930497278701E+000
 1051  17/11  1.8000000000000000E+010  1.6492219928537240E+000
 1052  18/11  1.9000000000000000E+010  1.2370868967372000E+000
 1053  19/11  2.0000000000000000E+010  8.0493676956115268E-001
 1054  20/11  2.1000000000000000E+010  5.1267402531109074E-001
 1055  21/11  2.2000000000000000E+010  1.7594989161131500E-001
 1056  22/11  2.3000000000000000E+010 -1.5731538908052359E-001
 1057  23/11  2.4000000000000000E+010 -4.6101818698047359E-001
 1058  24/11  2.5000000000000000E+010 -7.4545232348123991E-001
 1059  25/11  2.6000000000000000E+010 -9.7726871410547878E-001
 1060  26/11  2.7000000000000000E+010 -1.2730966429698500E+000
 1061  27/11  2.8000000000000000E+010 -1.4339055544788020E+000
 1062  28/11  2.9000000000000000E+010 -1.7097368238156370E+000
 1063  29/11  3.0000000000000000E+010 -1.9219822779543350E+000
 1064  30/11  3.1000000000000000E+010 -2.2567121058796911E+000
 1065  31/11  3.2000000000000000E+010 -2.2853904969637542E+000
 1066  32/11  3.3000000000000000E+010 -2.4794992844088570E+000
 1067  33/11  3.4000000000000000E+010 -2.4704528791008760E+000
 1068  34/11  3.5000000000000000E+010 -2.9265708966823918E+000
 1069  35/11  3.6000000000000000E+010 -2.8449364240746928E+000
 1070  36/11  3.7000000000000000E+010 -3.4261502968975548E+000
 1071  37/11  3.8000000000000000E+010 -3.0256170172049668E+000
 1072  38/11  3.9000000000000000E+010 -3.4900357257692471E+000
 1073  39/11  4.0000000000000000E+010 -3.4786787524759850E+000
 1074  40/11  4.1000000000000000E+010 -3.8534094490414570E+000
 1075  41/11  4.2000000000000000E+010 -3.7726512931147700E+000
 1076  42/11  4.3000000000000000E+010 -4.2946487221427034E+000
 1077  43/11  4.4000000000000000E+010 -4.6689388172452224E+000
 1078  44/11  4.5000000000000000E+010 -4.0860574275522143E+000
 1079  45/11  4.6000000000000000E+010 -5.6729986304951572E+000
 1080  46/11  4.7000000000000000E+010 -7.5685637484388728E+000
 1081  47/11  4.8000000000000000E+010 -1.3814634677139489E+001
 1082  48/11  4.9000000000000000E+010 -8.5525708148396653E+000
 1083  49/11  5.0000000000000000E+010 -1.0876217371808790E+001
 1084  50/11  5.1000000000000000E+010 -8.8645196771297599E+000
 1085  51/11  5.2000000000000000E+010 -9.7317088500113318E+000
 1086  52/11  5.3000000000000000E+010 -4.8949956028345829E+000
 1087  53/11  5.4000000000000000E+010 -5.0901397261443604E+000
 1088  54/11  5.5000000000000000E+010 -7.0598477346356834E+000
 1089  55/11  5.6000000000000000E+010 -7.3546062126461322E+000
 1090  56/11  5.7000000000000000E+010 -6.6714009372039129E+000
 1091  57/11  5.8000000000000000E+010 -4.4524187052442290E+000
 1092  58/11  5.9000000000000000E+010 -5.4167538542454903E+000
 1093  59/11  6.0000000000000000E+010 -5.5464874380258822E+000
 1094  60/11  6.1000000000000000E+010 -4.9809451410813210E+000
 1095  61/11  6.2000000000000000E+010 -5.3599737283308224E+000
 1096  62/11  6.3000000000000000E+010 -5.1111314422584684E+000
 1097  63/11  6.4000000000000000E+010 -5.0070603311486899E+000
 1098  64/11  6.5000000000000000E+010 -5.3307915414602736E+000
 1099  65/11  6.6000000000000000E+010 -5.5476717109377489E+000
 1100  66/11  6.7000000000000000E+010 -5.7191730740871840E+000
 1101  67/11  6.8000000000000000E+010 -5.6116246215848609E+000
 1102  68/11  6.9000000000000000E+010 -5.9546896850581952E+000
 1103  69/11  7.0000000000000000E+010 -5.5797190957518783E+000
 1104  70/11  7.1000000000000000E+010 -5.9040429198237421E+000
 1105  71/11  7.2000000000000000E+010 -5.9449199163178630E+000
 1106  72/11  7.3000000000000000E+010 -5.9173642939142468E+000
 1107  73/11  7.4000000000000000E+010 -6.3550243586078450E+000
 1108  74/11  7.5000000000000000E+010 -5.9207127493956069E+000
 1109  75/11  7.6000000000000000E+010 -6.0823518711758737E+000
 1110  76/11  7.7000000000000000E+010 -5.7670672264277218E+000
 1111  77/11  7.8000000000000000E+010 -6.0396761311502534E+000
 1112  78/11  7.9000000000000000E+010 -5.9096318671682821E+000
 1113  79/11  8.0000000000000000E+010 -6.6681694437414629E+000
 1114  80/11  8.1000000000000000E+010 -6.9871702025867233E+000
 1115  81/11  8.2000000000000000E+010 -6.0388113862389599E+000
 1116  82/11  8.3000000000000000E+010 -6.6125991662434842E+000
 1117  83/11  8.4000000000000000E+010 -6.8812005851184583E+000
 1118  84/11  8.5000000000000000E+010 -6.5721866895969097E+000
 1119  85/11  8.6000000000000000E+010 -6.4171053062773229E+000
 1120  86/11  8.7000000000000000E+010 -6.5907872121255240E+000
 1121  87/11  8.8000000000000000E+010 -6.8227360766620073E+000
 1122  88/11  8.9000000000000000E+010 -6.7019250408701367E+000
 1123  89/11  9.0000000000000000E+010 -6.3066942802177106E+000
 1124  90/11  9.1000000000000000E+010 -6.6184265331365433E+000
 1125  91/11  9.2000000000000000E+010 -6.6666519181869131E+000
 1126  92/11  9.3000000000000000E+010 -6.6491262392608350E+000
 1127  93/11  9.4000000000000000E+010 -6.5560466270477660E+000
 1128   0/12  1.0000000000000000E+009  1.9167644392240359E+001
 1129   1/12  2.0000000000000000E+009  1.6541281277139149E+001
 1130   2/12  3.0000000000000000E+009  1.4099146744896350E+001
 1131   3/12  4.0000000000000000E+009  1.2061262432754649E+001
 1132   4/12  5.0000000000000000E+009  1.0367529071569489E+001
 1133   5/12  6.0000000000000000E+009  8.9366484417997611E+000
 1134   6/12  7.0000000000000000E+009  7.6999343838241661E+000
 1135   7/12  8.0000000000000000E+009  6.6228576724599000E+000
 1136   8/12  9.0000000000000000E+009  5.6671501496401957E+000
 1137   9/12  1.0000000000000000E+010  4.8177849936349570E+000
 1138  10/12  1.1000000000000000E+010  4.0416629409633931E+000
 1139  11/12  1.2000000000000000E+010  3.3624760744289270E+000
 1140  12/12  1.3000000000000000E+010  2.7287407508325630E+000
 1141  13/12  1.4000000000000000E+010  2.1266689723561329E+000
 1142  14/12  1.5000000000000000E+010  1.5800177634404100E+000
 1143  15/12  1.6000000000000000E+010  1.1035097966497740E+000
 1144  16/12  1.7000000000000000E+010  6.1219787933823178E-001
 1145  17/12  1.8000000000000000E+010  1.9640892455227499E-001
 1146  18/12  1.9000000000000000E+010 -2.2179587757653671E-001
 1147  19/12  2.0000000000000000E+010 -6.7079380850398418E-001
 1148  20/12  2.1000000000000000E+010 -9.4846261001379817E-001
 1149  21/12  2.2000000000000000E+010 -1.2735564521119609E+000
 1150  22/12  2.3000000000000000E+010 -1.6217831040542741E+000
 1151  23/12  2.4000000000000000E+010 -1.9048615094454491E+000
 1152  24/12  2.5000000000000000E+010 -2.1944723909741728E+000
 1153  25/12  2.6000000000000000E+010 -2.4320234599140358E+000
 1154  26/12  2.7000000000000000E+010 -2.6927514682818812E+000
 1155  27/12  2.8000000000000000E+010 -2.8829984939982860E+000
 1156  28/12  2.9000000000000000E+010 -3.1469775804346458E+000
 1157  29/12  3.0000000000000000E+010 -3.3589147730084798E+000
 1158  30/12  3.1000000000000000E+010 -3.7088570920546822E+000
 1159  31/12  3.2000000000000000E+010 -3.7727506062172851E+000
 1160  32/12  3.3000000000000000E+010 -3.9984484292836160E+000
 1161  33/12  3.4000000000000000E+010 -3.8306053669131179E+000
 1162  34/12  3.5000000000000000E+010 -4.4134299086465854E+000
 1163  35/12  3.6000000000000000E+010 -4.0999260983671801E+000
 1164  36/12  3.7000000000000000E+010 -4.8788987395433923E+000
 1165  37/12  3.8000000000000000E+010 -4.5010197896116173E+000
 1166  38/12  3.9000000000000000E+010 -5.1554826562102640E+000
 1167  39/12  4.0000000000000000E+010 -4.9007030681250754E+000
 1168  40/12  4.1000000000000000E+010 -5.3172617320365401E+000
 1169  41/12  4.2000000000000000E+010 -5.0043697085889427E+000
 1170  42/12  4.3000000000000000E+010 -5.5949594683911119E+000
 1171  43/12  4.4000000000000000E+010 -6.3454632735730510E+000
 1172  44/12  4.5000000000000000E+010 -5.5902925560406844E+000
 1173  45/12  4.6000000000000000E+010 -7.7656310991243194E+000
 1174  46/12  4.7000000000000000E+010 -1.0625861681483940E+001
 1175  47/12  4.8000000000000000E+010 -1.6942145876265521E+001
 1176  48/12  4.9000000000000000E+010 -1.1373674205481150E+001
 1177  49/12  5.0000000000000000E+010 -1.0934823098938180E+001
 1178  50/12  5.1000000000000000E+010 -8.0397890332033448E+000
 1179  51/12  5.2000000000000000E+010 -9.3489054089883243E+000
 1180  52/12  5.3000000000000000E+010 -6.8500844615874366E+000
 1181  53/12  5.4000000000000000E+010 -6.1602394321599787E+000
 1182  54/12  5.5000000000000000E+010 -7.7588277045560519E+000
 1183  55/12  5.6000000000000000E+010 -1.2214963276349151E+001
 1184  56/12  5.7000000000000000E+010 -6.8008455192576616E+000
 1185  57/12  5.8000000000000000E+010 -5.1047738861307499E+000
 1186  58/12  5.9000000000000000E+010 -7.5250801502434506E+000
 1187  59/12  6.0000000000000000E+010 -9.4595579968731123E+000
 1188  60/12  6.1000000000000000E+010 -6.3648834430183863E+000
 1189  61/12  6.2000000000000000E+010 -6.7710437030694939E+000
 1190  62/12  6.3000000000000000E+010 -6.5580554709727013E+000
 1191  63/12  6.4000000000000000E+010 -6.4188566960212414E+000
 1192  64/12  6.5000000000000000E+010 -6.7511558870436037E+000
 1193  65/12  6.6000000000000000E+010 -6.9731244602142723E+000
 1194  66/12  6.7000000000000000E+010 -7.1259755938163778E+000
 1195  67/12  6.8000000000000000E+010 -7.0044007774720374E+000
 1196  68/12  6.9000000000000000E+010 -7.3657027043782008E+000
 1197  69/12  7.0000000000000000E+010 -6.9108207656270988E+000
 1198  70/12  7.1000000000000000E+010 -7.3247547349748219E+000
 1199  71/12  7.2000000000000000E+010 -7.2808082908424412E+000
 1200  72/12  7.3000000000000000E+010 -7.3026611794805971E+000
 1201  73/12  7.4000000000000000E+010 -7.7058298805847771E+000
 1202  74/12  7.5000000000000000E+010 -7.2713850818335102E+000
 1203  75/12  7.6000000000000000E+010 -7.4567392407959936E+000
 1204  76/12  7.7000000000000000E+010 -7.1120313825139734E+000
 1205  77/12  7.8000000000000000E+010 -7.3673985902512937E+000
 1206  78/12  7.9000000000000000E+010 -7.2489295888754990E+000
 1207  79/12  8.0000000000000000E+010 -8.0149013963499609E+000
 1208  80/12  8.1000000000000000E+010 -8.3095840379180945E+000
 1209  81/12  8.2000000000000000E+010 -7.3607712553986904E+000
 1210  82/12  8.3000000000000000E+010 -7.9447191459427904E+000
 1211  83/12  8.4000000000000000E+010 -8.2429635299389261E+000
 1212  84/12  8.5000000000000000E+010 -7.9063714994572312E+000
 1213  85/12  8.6000000000000000E+010 -7.7407565541581684E+000
 1214  86/12  8.7000000000000000E+010 -7.9266770361626246E+000
 1215  87/12  8.8000000000000000E+010 -8.1719021317844192E+000
 1216  88/12  8.9000000000000000E+010 -8.0060659918075476E+000
 1217  89/12  9.0000000000000000E+010 -7.6138819143728496E+000
 1218  90/12  9.1000000000000000E+010 -7.9415522348208274E+000
 1219  91/12  9.2000000000000000E+010 -7.9754849076851553E+000
 1220  92/12  9.3000000000000000E+010 -7.9804263279386598E+000
 1221  93/12  9.4000000000000000E+010 -7.8154996259334304E+000
 1222   0/13  1.0000000000000000E+009  1.6668743001108702E+001
 1223   1/13  2.0000000000000000E+009  1.4626189445848061E+001
 1224   2/13  3.0000000000000000E+009  1.2511044580593030E+001
 1225   3/13  4.0000000000000000E+009  1.0639059896273970E+001
 1226   4/13  5.0000000000000000E+009  9.0482844005655920E+000
 1227   5/13  6.0000000000000000E+009  7.6714115943072620E+000
 1228   6/13  7.0000000000000000E+009  6.4723559235438097E+000
 1229   7/13  8.0000000000000000E+009  5.4255032791238014E+000
 1230   8/13  9.0000000000000000E+009  4.4932747606214143E+000
 1231   9/13  1.0000000000000000E+010  3.6577126075150770E+000
 1232  10/13  1.1000000000000000E+010  2.8944091289790381E+000
 1233  11/13  1.2000000000000000E+010  2.2224724706141159E+000
 1234  12/13  1.3000000000000000E+010  1.6000097650712530E+000
 1235  13/13  1.4000000000000000E+010  1.0056939505334479E+000
 1236  14/13  1.5000000000000000E+010  4.6446354242438070E-001
 1237  15/13  1.6000000000000000E+010  3.4073938844171280E-003
 1238  16/13  1.7000000000000000E+010 -4.7841714488081682E-001
 1239  17/13  1.8000000000000000E+010 -8.8919872722847348E-001
 1240  18/13  1.9000000000000000E+010 -1.2948222181297331E+000
 1241  19/13  2.0000000000000000E+010 -1.7308476158652630E+000
 1242  20/13  2.1000000000000000E+010 -2.0039250094871659E+000
 1243  21/13  2.2000000000000000E+010 -2.3459617043854331E+000
 1244  22/13  2.3000000000000000E+010 -2.6540095563232962E+000
 1245  23/13  2.4000000000000000E+010 -2.9233667220449142E+000
 1246  24/13  2.5000000000000000E+010 -3.2052180964682599E+000
 1247  25/13  2.6000000000000000E+010 -3.4283351613932740E+000
 1248  26/13  2.7000000000000000E+010 -3.7334483307997921E+000
 1249  27/13  2.8000000000000000E+010 -3.8910747740385800E+000
 1250  28/13  2.9000000000000000E+010 -4.1180505099460731E+000
 1251  29/13  3.0000000000000000E+010 -4.3595482126572414E+000
 1252  30/13  3.1000000000000000E+010 -4.7060348478474214E+000
 1253  31/13  3.2000000000000000E+010 -4.7292515268671451E+000
 1254  32/13  3.3000000000000000E+010 -4.9822821430594093E+000
 1255  33/13  3.4000000000000000E+010 -4.7135916149941757E+000
 1256  34/13  3.5000000000000000E+010 -5.4301040462440930E+000
 1257  35/13  3.6000000000000000E+010 -4.7422219968171833E+000
 1258  36/13  3.7000000000000000E+010 -5.7434756138316327E+000
 1259  37/13  3.8000000000000000E+010 -5.4437516303607802E+000
 1260  38/13  3.9000000000000000E+010 -6.0169972689376632E+000
 1261  39/13  4.0000000000000000E+010 -5.9954533381451256E+000
 1262  40/13  4.1000000000000000E+010 -6.1493052361372804E+000
 1263  41/13  4.2000000000000000E+010 -5.5543171115213976E+000
 1264  42/13  4.3000000000000000E+010 -6.3763397812871547E+000
 1265  43/13  4.4000000000000000E+010 -7.2178924525720856E+000
 1266  44/13  4.5000000000000000E+010 -6.7156710867998566E+000
 1267  45/13  4.6000000000000000E+010 -8.6081266191338415E+000
 1268  46/13  4.7000000000000000E+010 -1.2295180572300650E+001
 1269  47/13  4.8000000000000000E+010 -2.6731369191061209E+001
 1270  48/13  4.9000000000000000E+010 -1.2554296548136850E+001
 1271  49/13  5.0000000000000000E+010 -1.0600699093956960E+001
 1272  50/13  5.1000000000000000E+010 -8.7690310989872700E+000
 1273  51/13  5.2000000000000000E+010 -9.7298997877835820E+000
 1274  52/13  5.3000000000000000E+010 -9.9174098744839050E+000
 1275  53/13  5.4000000000000000E+010 -5.8283929762467199E+000
 1276  54/13  5.5000000000000000E+010 -8.5756089374191617E+000
 1277  55/13  5.6000000000000000E+010 -9.9811079221259718E+000
 1278  56/13  5.7000000000000000E+010 -9.5153613710520375E+000
 1279  57/13  5.8000000000000000E+010 -6.8528613073490199E+000
 1280  58/13  5.9000000000000000E+010 -7.5061895946708077E+000
 1281  59/13  6.0000000000000000E+010 -1.0910977389436610E+001
 1282  60/13  6.1000000000000000E+010 -7.1379223323417618E+000
 1283  61/13  6.2000000000000000E+010 -7.5366310999901778E+000
 1284  62/13  6.3000000000000000E+010 -7.3292938184127623E+000
 1285  63/13  6.4000000000000000E+010 -7.1577755702483667E+000
 1286  64/13  6.5000000000000000E+010 -7.5095412680321134E+000
 1287  65/13  6.6000000000000000E+010 -7.7068074573636958E+000
 1288  66/13  6.7000000000000000E+010 -7.8654654705966927E+000
 1289  67/13  6.8000000000000000E+010 -7.7329878219035741E+000
 1290  68/13  6.9000000000000000E+010 -8.0820122471484055E+000
 1291  69/13  7.0000000000000000E+010 -7.6134039796317658E+000
 1292  70/13  7.1000000000000000E+010 -8.0216985520166819E+000
 1293  71/13  7.2000000000000000E+010 -7.9900403184744997E+000
 1294  72/13  7.3000000000000000E+010 -7.9808604887574610E+000
 1295  73/13  7.4000000000000000E+010 -8.4017204935223315E+000
 1296  74/13  7.5000000000000000E+010 -7.9456458615604877E+000
 1297  75/13  7.6000000000000000E+010 -8.1708311337905499E+000
 1298  76/13  7.7000000000000000E+010 -7.7936173483102964E+000
 1299  77/13  7.8000000000000000E+010 -8.0541997923918238E+000
 1300  78/13  7.9000000000000000E+010 -7.9177497199053972E+000
 1301  79/13  8.0000000000000000E+010 -8.6999141897024970E+000
 1302  80/13  8.1000000000000000E+010 -8.9432503003365973E+000
 1303  81/13  8.2000000000000000E+010 -7.9891271784511524E+000
 1304  82/13  8.3000000000000000E+010 -8.5701352551753125E+000
 1305  83/13  8.4000000000000000E+010 -8.9062541094241148E+000
 1306  84/13  8.5000000000000000E+010 -8.5290273110055388E+000
 1307  85/13  8.6000000000000000E+010 -8.3739668207432576E+000
 1308  86/13  8.7000000000000000E+010 -8.5950528384323928E+000
 1309  87/13  8.8000000000000000E+010 -8.8513036296398369E+000
 1310  88/13  8.9000000000000000E+010 -8.6942677497987173E+000
 1311  89/13  9.0000000000000000E+010 -8.2648877692733045E+000
 1312  90/13  9.1000000000000000E+010 -8.6039305686835093E+000
 1313  91/13  9.2000000000000000E+010 -8.6054462419307249E+000
 1314  92/13  9.3000000000000000E+010 -8.6512301687005877E+000
 1315  93/13  9.4000000000000000E+010 -8.3572919401706542E+000
