Ic (@Vce=2V) = {0.1092mA, 0.2263mA, 0.4563mA, 
0.8844mA, 1.613mA, 2.723mA, 4.235mA, 6.086mA, 
8.004mA, 9.785mA, 11.56mA, 13.35mA, 15.18mA}

H21 vs. freq
Point prm/cv          freq1       H21_dB.m
    0   0/ 0  1.000000E+009  1.684301E+001
    1   1/ 0  2.000000E+009  1.066726E+001
    2   2/ 0  3.000000E+009  6.902788E+000
    3   3/ 0  4.000000E+009  4.990924E+000
    4   4/ 0  5.000000E+009  3.704855E+000
    5   5/ 0  6.000000E+009  2.168920E+000
    6   6/ 0  7.000000E+009  1.869262E+000
    7   7/ 0  8.000000E+009  2.139873E-001
    8   8/ 0  9.000000E+009 -3.535868E-001
    9   9/ 0  1.000000E+010 -1.372405E+000
   10  10/ 0  1.100000E+010 -2.026185E+000
   11  11/ 0  1.200000E+010 -2.925314E+000
   12  12/ 0  1.300000E+010 -3.978123E+000
   13  13/ 0  1.400000E+010 -4.459081E+000
   14  14/ 0  1.500000E+010 -4.923648E+000
   15  15/ 0  1.600000E+010 -5.503423E+000
   16  16/ 0  1.700000E+010 -6.070191E+000
   17  17/ 0  1.800000E+010 -6.573261E+000
   18  18/ 0  1.900000E+010 -6.644496E+000
   19  19/ 0  2.000000E+010 -6.813724E+000
   20  20/ 0  2.100000E+010 -7.242676E+000
   21  21/ 0  2.200000E+010 -7.381782E+000
   22  22/ 0  2.300000E+010 -7.549591E+000
   23  23/ 0  2.400000E+010 -7.617192E+000
   24  24/ 0  2.500000E+010 -7.770154E+000
   25  25/ 0  2.600000E+010 -7.970233E+000
   26  26/ 0  2.700000E+010 -7.876672E+000
   27  27/ 0  2.800000E+010 -8.259229E+000
   28  28/ 0  2.900000E+010 -8.421976E+000
   29  29/ 0  3.000000E+010 -8.705380E+000
   30  30/ 0  3.100000E+010 -9.012457E+000
   31  31/ 0  3.200000E+010 -9.213655E+000
   32  32/ 0  3.300000E+010 -9.640482E+000
   33  33/ 0  3.400000E+010 -9.859914E+000
   34  34/ 0  3.500000E+010 -9.968771E+000
   35  35/ 0  3.600000E+010 -1.015031E+001
   36  36/ 0  3.700000E+010 -1.029077E+001
   37  37/ 0  3.800000E+010 -1.034927E+001
   38  38/ 0  3.900000E+010 -1.046820E+001
   39  39/ 0  4.000000E+010 -1.054778E+001
   40  40/ 0  4.100000E+010 -1.064633E+001
   41  41/ 0  4.200000E+010 -1.076586E+001
   42  42/ 0  4.300000E+010 -1.078628E+001
   43  43/ 0  4.400000E+010 -1.093035E+001
   44  44/ 0  4.500000E+010 -1.102331E+001
   45  45/ 0  4.600000E+010 -1.103592E+001
   46  46/ 0  4.700000E+010 -1.108973E+001
   47  47/ 0  4.800000E+010 -1.118574E+001
   48  48/ 0  4.900000E+010 -1.126202E+001
   49  49/ 0  5.000000E+010 -1.117785E+001
   50   0/ 1  1.000000E+009  2.156251E+001
   51   1/ 1  2.000000E+009  1.542432E+001
   52   2/ 1  3.000000E+009  1.173553E+001
   53   3/ 1  4.000000E+009  9.631153E+000
   54   4/ 1  5.000000E+009  8.110845E+000
   55   5/ 1  6.000000E+009  6.512504E+000
   56   6/ 1  7.000000E+009  5.854007E+000
   57   7/ 1  8.000000E+009  4.315725E+000
   58   8/ 1  9.000000E+009  3.581478E+000
   59   9/ 1  1.000000E+010  2.544704E+000
   60  10/ 1  1.100000E+010  1.807746E+000
   61  11/ 1  1.200000E+010  9.351590E-001
   62  12/ 1  1.300000E+010 -1.179858E-002
   63  13/ 1  1.400000E+010 -5.796224E-001
   64  14/ 1  1.500000E+010 -1.134863E+000
   65  15/ 1  1.600000E+010 -1.738895E+000
   66  16/ 1  1.700000E+010 -2.315385E+000
   67  17/ 1  1.800000E+010 -2.823532E+000
   68  18/ 1  1.900000E+010 -3.049215E+000
   69  19/ 1  2.000000E+010 -3.333120E+000
   70  20/ 1  2.100000E+010 -3.764345E+000
   71  21/ 1  2.200000E+010 -4.010210E+000
   72  22/ 1  2.300000E+010 -4.249754E+000
   73  23/ 1  2.400000E+010 -4.419990E+000
   74  24/ 1  2.500000E+010 -4.653254E+000
   75  25/ 1  2.600000E+010 -4.904440E+000
   76  26/ 1  2.700000E+010 -4.952262E+000
   77  27/ 1  2.800000E+010 -5.315940E+000
   78  28/ 1  2.900000E+010 -5.532566E+000
   79  29/ 1  3.000000E+010 -5.847282E+000
   80  30/ 1  3.100000E+010 -6.157997E+000
   81  31/ 1  3.200000E+010 -6.406148E+000
   82  32/ 1  3.300000E+010 -6.813040E+000
   83  33/ 1  3.400000E+010 -7.064425E+000
   84  34/ 1  3.500000E+010 -7.226348E+000
   85  35/ 1  3.600000E+010 -7.442960E+000
   86  36/ 1  3.700000E+010 -7.627249E+000
   87  37/ 1  3.800000E+010 -7.738457E+000
   88  38/ 1  3.900000E+010 -7.888751E+000
   89  39/ 1  4.000000E+010 -8.012337E+000
   90  40/ 1  4.100000E+010 -8.149442E+000
   91  41/ 1  4.200000E+010 -8.308726E+000
   92  42/ 1  4.300000E+010 -8.394222E+000
   93  43/ 1  4.400000E+010 -8.538212E+000
   94  44/ 1  4.500000E+010 -8.674692E+000
   95  45/ 1  4.600000E+010 -8.756799E+000
   96  46/ 1  4.700000E+010 -8.860369E+000
   97  47/ 1  4.800000E+010 -8.936810E+000
   98  48/ 1  4.900000E+010 -9.070262E+000
   99  49/ 1  5.000000E+010 -9.059915E+000
  100   0/ 2  1.000000E+009  2.538581E+001
  101   1/ 2  2.000000E+009  1.934511E+001
  102   2/ 2  3.000000E+009  1.572647E+001
  103   3/ 2  4.000000E+009  1.345488E+001
  104   4/ 2  5.000000E+009  1.172804E+001
  105   5/ 2  6.000000E+009  1.011531E+001
  106   6/ 2  7.000000E+009  9.131946E+000
  107   7/ 2  8.000000E+009  7.752897E+000
  108   8/ 2  9.000000E+009  6.880802E+000
  109   9/ 2  1.000000E+010  5.879306E+000
  110  10/ 2  1.100000E+010  5.088596E+000
  111  11/ 2  1.200000E+010  4.282508E+000
  112  12/ 2  1.300000E+010  3.469947E+000
  113  13/ 2  1.400000E+010  2.852441E+000
  114  14/ 2  1.500000E+010  2.263301E+000
  115  15/ 2  1.600000E+010  1.670472E+000
  116  16/ 2  1.700000E+010  1.126839E+000
  117  17/ 2  1.800000E+010  6.320400E-001
  118  18/ 2  1.900000E+010  2.830204E-001
  119  19/ 2  2.000000E+010 -7.834438E-002
  120  20/ 2  2.100000E+010 -4.909649E-001
  121  21/ 2  2.200000E+010 -8.099928E-001
  122  22/ 2  2.300000E+010 -1.111426E+000
  123  23/ 2  2.400000E+010 -1.366613E+000
  124  24/ 2  2.500000E+010 -1.653818E+000
  125  25/ 2  2.600000E+010 -1.939004E+000
  126  26/ 2  2.700000E+010 -2.116794E+000
  127  27/ 2  2.800000E+010 -2.434389E+000
  128  28/ 2  2.900000E+010 -2.685576E+000
  129  29/ 2  3.000000E+010 -2.992991E+000
  130  30/ 2  3.100000E+010 -3.282925E+000
  131  31/ 2  3.200000E+010 -3.544793E+000
  132  32/ 2  3.300000E+010 -3.875018E+000
  133  33/ 2  3.400000E+010 -4.131556E+000
  134  34/ 2  3.500000E+010 -4.327312E+000
  135  35/ 2  3.600000E+010 -4.544626E+000
  136  36/ 2  3.700000E+010 -4.750748E+000
  137  37/ 2  3.800000E+010 -4.894118E+000
  138  38/ 2  3.900000E+010 -5.078424E+000
  139  39/ 2  4.000000E+010 -5.233108E+000
  140  40/ 2  4.100000E+010 -5.400081E+000
  141  41/ 2  4.200000E+010 -5.581218E+000
  142  42/ 2  4.300000E+010 -5.706691E+000
  143  43/ 2  4.400000E+010 -5.860278E+000
  144  44/ 2  4.500000E+010 -6.018846E+000
  145  45/ 2  4.600000E+010 -6.137931E+000
  146  46/ 2  4.700000E+010 -6.273996E+000
  147  47/ 2  4.800000E+010 -6.380093E+000
  148  48/ 2  4.900000E+010 -6.520184E+000
  149  49/ 2  5.000000E+010 -6.599677E+000
  150   0/ 3  1.000000E+009  2.810625E+001
  151   1/ 3  2.000000E+009  2.229201E+001
  152   2/ 3  3.000000E+009  1.878554E+001
  153   3/ 3  4.000000E+009  1.636645E+001
  154   4/ 3  5.000000E+009  1.450929E+001
  155   5/ 3  6.000000E+009  1.290171E+001
  156   6/ 3  7.000000E+009  1.169099E+001
  157   7/ 3  8.000000E+009  1.045673E+001
  158   8/ 3  9.000000E+009  9.499595E+000
  159   9/ 3  1.000000E+010  8.553526E+000
  160  10/ 3  1.100000E+010  7.739903E+000
  161  11/ 3  1.200000E+010  6.983533E+000
  162  12/ 3  1.300000E+010  6.271942E+000
  163  13/ 3  1.400000E+010  5.639508E+000
  164  14/ 3  1.500000E+010  5.047984E+000
  165  15/ 3  1.600000E+010  4.481036E+000
  166  16/ 3  1.700000E+010  3.964466E+000
  167  17/ 3  1.800000E+010  3.478147E+000
  168  18/ 3  1.900000E+010  3.057395E+000
  169  19/ 3  2.000000E+010  2.649271E+000
  170  20/ 3  2.100000E+010  2.248526E+000
  171  21/ 3  2.200000E+010  1.893360E+000
  172  22/ 3  2.300000E+010  1.543018E+000
  173  23/ 3  2.400000E+010  1.225626E+000
  174  24/ 3  2.500000E+010  9.080968E-001
  175  25/ 3  2.600000E+010  5.984288E-001
  176  26/ 3  2.700000E+010  3.401811E-001
  177  27/ 3  2.800000E+010  4.762333E-002
  178  28/ 3  2.900000E+010 -2.154762E-001
  179  29/ 3  3.000000E+010 -5.086270E-001
  180  30/ 3  3.100000E+010 -7.802918E-001
  181  31/ 3  3.200000E+010 -1.031309E+000
  182  32/ 3  3.300000E+010 -1.312600E+000
  183  33/ 3  3.400000E+010 -1.564641E+000
  184  34/ 3  3.500000E+010 -1.780721E+000
  185  35/ 3  3.600000E+010 -1.987374E+000
  186  36/ 3  3.700000E+010 -2.210858E+000
  187  37/ 3  3.800000E+010 -2.388747E+000
  188  38/ 3  3.900000E+010 -2.587071E+000
  189  39/ 3  4.000000E+010 -2.762102E+000
  190  40/ 3  4.100000E+010 -2.945030E+000
  191  41/ 3  4.200000E+010 -3.139410E+000
  192  42/ 3  4.300000E+010 -3.278684E+000
  193  43/ 3  4.400000E+010 -3.466114E+000
  194  44/ 3  4.500000E+010 -3.627692E+000
  195  45/ 3  4.600000E+010 -3.777580E+000
  196  46/ 3  4.700000E+010 -3.915480E+000
  197  47/ 3  4.800000E+010 -4.049190E+000
  198  48/ 3  4.900000E+010 -4.272744E+000
  199  49/ 3  5.000000E+010 -4.323052E+000
  200   0/ 4  1.000000E+009  2.986854E+001
  201   1/ 4  2.000000E+009  2.425233E+001
  202   2/ 4  3.000000E+009  2.084740E+001
  203   3/ 4  4.000000E+009  1.836982E+001
  204   4/ 4  5.000000E+009  1.643459E+001
  205   5/ 4  6.000000E+009  1.486479E+001
  206   6/ 4  7.000000E+009  1.352690E+001
  207   7/ 4  8.000000E+009  1.239978E+001
  208   8/ 4  9.000000E+009  1.139578E+001
  209   9/ 4  1.000000E+010  1.049642E+001
  210  10/ 4  1.100000E+010  9.685428E+000
  211  11/ 4  1.200000E+010  8.951470E+000
  212  12/ 4  1.300000E+010  8.287100E+000
  213  13/ 4  1.400000E+010  7.651658E+000
  214  14/ 4  1.500000E+010  7.065660E+000
  215  15/ 4  1.600000E+010  6.510307E+000
  216  16/ 4  1.700000E+010  6.008932E+000
  217  17/ 4  1.800000E+010  5.518693E+000
  218  18/ 4  1.900000E+010  5.063169E+000
  219  19/ 4  2.000000E+010  4.638132E+000
  220  20/ 4  2.100000E+010  4.238540E+000
  221  21/ 4  2.200000E+010  3.860269E+000
  222  22/ 4  2.300000E+010  3.491252E+000
  223  23/ 4  2.400000E+010  3.140706E+000
  224  24/ 4  2.500000E+010  2.813546E+000
  225  25/ 4  2.600000E+010  2.482813E+000
  226  26/ 4  2.700000E+010  2.183935E+000
  227  27/ 4  2.800000E+010  1.900842E+000
  228  28/ 4  2.900000E+010  1.626940E+000
  229  29/ 4  3.000000E+010  1.344173E+000
  230  30/ 4  3.100000E+010  1.079621E+000
  231  31/ 4  3.200000E+010  8.316460E-001
  232  32/ 4  3.300000E+010  5.745669E-001
  233  33/ 4  3.400000E+010  3.200400E-001
  234  34/ 4  3.500000E+010  9.615897E-002
  235  35/ 4  3.600000E+010 -1.129915E-001
  236  36/ 4  3.700000E+010 -3.418256E-001
  237  37/ 4  3.800000E+010 -5.349602E-001
  238  38/ 4  3.900000E+010 -7.525200E-001
  239  39/ 4  4.000000E+010 -9.357823E-001
  240  40/ 4  4.100000E+010 -1.151200E+000
  241  41/ 4  4.200000E+010 -1.355742E+000
  242  42/ 4  4.300000E+010 -1.518269E+000
  243  43/ 4  4.400000E+010 -1.702229E+000
  244  44/ 4  4.500000E+010 -1.864139E+000
  245  45/ 4  4.600000E+010 -2.048476E+000
  246  46/ 4  4.700000E+010 -2.192617E+000
  247  47/ 4  4.800000E+010 -2.353689E+000
  248  48/ 4  4.900000E+010 -2.553713E+000
  249  49/ 4  5.000000E+010 -2.614581E+000
  250   0/ 5  1.000000E+009  3.066831E+001
  251   1/ 5  2.000000E+009  2.531272E+001
  252   2/ 5  3.000000E+009  2.199912E+001
  253   3/ 5  4.000000E+009  1.948765E+001
  254   4/ 5  5.000000E+009  1.753175E+001
  255   5/ 5  6.000000E+009  1.599554E+001
  256   6/ 5  7.000000E+009  1.458120E+001
  257   7/ 5  8.000000E+009  1.352345E+001
  258   8/ 5  9.000000E+009  1.250147E+001
  259   9/ 5  1.000000E+010  1.163065E+001
  260  10/ 5  1.100000E+010  1.082446E+001
  261  11/ 5  1.200000E+010  1.010127E+001
  262  12/ 5  1.300000E+010  9.453290E+000
  263  13/ 5  1.400000E+010  8.821826E+000
  264  14/ 5  1.500000E+010  8.238185E+000
  265  15/ 5  1.600000E+010  7.692602E+000
  266  16/ 5  1.700000E+010  7.188375E+000
  267  17/ 5  1.800000E+010  6.697388E+000
  268  18/ 5  1.900000E+010  6.227666E+000
  269  19/ 5  2.000000E+010  5.794598E+000
  270  20/ 5  2.100000E+010  5.387265E+000
  271  21/ 5  2.200000E+010  4.998695E+000
  272  22/ 5  2.300000E+010  4.615668E+000
  273  23/ 5  2.400000E+010  4.246381E+000
  274  24/ 5  2.500000E+010  3.912777E+000
  275  25/ 5  2.600000E+010  3.570331E+000
  276  26/ 5  2.700000E+010  3.247096E+000
  277  27/ 5  2.800000E+010  2.963007E+000
  278  28/ 5  2.900000E+010  2.684534E+000
  279  29/ 5  3.000000E+010  2.405081E+000
  280  30/ 5  3.100000E+010  2.136539E+000
  281  31/ 5  3.200000E+010  1.893169E+000
  282  32/ 5  3.300000E+010  1.642432E+000
  283  33/ 5  3.400000E+010  1.380111E+000
  284  34/ 5  3.500000E+010  1.151602E+000
  285  35/ 5  3.600000E+010  9.357860E-001
  286  36/ 5  3.700000E+010  7.037470E-001
  287  37/ 5  3.800000E+010  4.952672E-001
  288  38/ 5  3.900000E+010  2.655481E-001
  289  39/ 5  4.000000E+010  8.294420E-002
  290  40/ 5  4.100000E+010 -1.198632E-001
  291  41/ 5  4.200000E+010 -3.329773E-001
  292  42/ 5  4.300000E+010 -4.945511E-001
  293  43/ 5  4.400000E+010 -6.890615E-001
  294  44/ 5  4.500000E+010 -8.671512E-001
  295  45/ 5  4.600000E+010 -1.042575E+000
  296  46/ 5  4.700000E+010 -1.198069E+000
  297  47/ 5  4.800000E+010 -1.354018E+000
  298  48/ 5  4.900000E+010 -1.577937E+000
  299  49/ 5  5.000000E+010 -1.685998E+000
  300   0/ 6  1.000000E+009  3.010232E+001
  301   1/ 6  2.000000E+009  2.511450E+001
  302   2/ 6  3.000000E+009  2.207423E+001
  303   3/ 6  4.000000E+009  1.946229E+001
  304   4/ 6  5.000000E+009  1.743857E+001
  305   5/ 6  6.000000E+009  1.600238E+001
  306   6/ 6  7.000000E+009  1.445550E+001
  307   7/ 6  8.000000E+009  1.354352E+001
  308   8/ 6  9.000000E+009  1.251757E+001
  309   9/ 6  1.000000E+010  1.170720E+001
  310  10/ 6  1.100000E+010  1.091956E+001
  311  11/ 6  1.200000E+010  1.024058E+001
  312  12/ 6  1.300000E+010  9.645168E+000
  313  13/ 6  1.400000E+010  9.024713E+000
  314  14/ 6  1.500000E+010  8.451941E+000
  315  15/ 6  1.600000E+010  7.918905E+000
  316  16/ 6  1.700000E+010  7.436784E+000
  317  17/ 6  1.800000E+010  6.947670E+000
  318  18/ 6  1.900000E+010  6.466077E+000
  319  19/ 6  2.000000E+010  6.023681E+000
  320  20/ 6  2.100000E+010  5.619453E+000
  321  21/ 6  2.200000E+010  5.224072E+000
  322  22/ 6  2.300000E+010  4.824720E+000
  323  23/ 6  2.400000E+010  4.437782E+000
  324  24/ 6  2.500000E+010  4.102226E+000
  325  25/ 6  2.600000E+010  3.750170E+000
  326  26/ 6  2.700000E+010  3.392380E+000
  327  27/ 6  2.800000E+010  3.121002E+000
  328  28/ 6  2.900000E+010  2.851294E+000
  329  29/ 6  3.000000E+010  2.584801E+000
  330  30/ 6  3.100000E+010  2.319850E+000
  331  31/ 6  3.200000E+010  2.093083E+000
  332  32/ 6  3.300000E+010  1.863227E+000
  333  33/ 6  3.400000E+010  1.603264E+000
  334  34/ 6  3.500000E+010  1.373621E+000
  335  35/ 6  3.600000E+010  1.162719E+000
  336  36/ 6  3.700000E+010  9.303898E-001
  337  37/ 6  3.800000E+010  7.207287E-001
  338  38/ 6  3.900000E+010  4.855208E-001
  339  39/ 6  4.000000E+010  2.966083E-001
  340  40/ 6  4.100000E+010  9.847182E-002
  341  41/ 6  4.200000E+010 -1.120846E-001
  342  42/ 6  4.300000E+010 -3.324526E-001
  343  43/ 6  4.400000E+010 -5.229204E-001
  344  44/ 6  4.500000E+010 -7.041215E-001
  345  45/ 6  4.600000E+010 -8.890699E-001
  346  46/ 6  4.700000E+010 -1.034281E+000
  347  47/ 6  4.800000E+010 -1.220642E+000
  348  48/ 6  4.900000E+010 -1.421455E+000
  349  49/ 6  5.000000E+010 -1.521258E+000
  350   0/ 7  1.000000E+009  2.683855E+001
  351   1/ 7  2.000000E+009  2.217549E+001
  352   2/ 7  3.000000E+009  1.945292E+001
  353   3/ 7  4.000000E+009  1.687320E+001
  354   4/ 7  5.000000E+009  1.488989E+001
  355   5/ 7  6.000000E+009  1.353729E+001
  356   6/ 7  7.000000E+009  1.198831E+001
  357   7/ 7  8.000000E+009  1.114190E+001
  358   8/ 7  9.000000E+009  1.014328E+001
  359   9/ 7  1.000000E+010  9.369713E+000
  360  10/ 7  1.100000E+010  8.618841E+000
  361  11/ 7  1.200000E+010  7.992053E+000
  362  12/ 7  1.300000E+010  7.475047E+000
  363  13/ 7  1.400000E+010  6.892538E+000
  364  14/ 7  1.500000E+010  6.349870E+000
  365  15/ 7  1.600000E+010  5.862138E+000
  366  16/ 7  1.700000E+010  5.439392E+000
  367  17/ 7  1.800000E+010  4.971146E+000
  368  18/ 7  1.900000E+010  4.471345E+000
  369  19/ 7  2.000000E+010  4.027614E+000
  370  20/ 7  2.100000E+010  3.653637E+000
  371  21/ 7  2.200000E+010  3.252581E+000
  372  22/ 7  2.300000E+010  2.822640E+000
  373  23/ 7  2.400000E+010  2.408430E+000
  374  24/ 7  2.500000E+010  2.085943E+000
  375  25/ 7  2.600000E+010  1.714965E+000
  376  26/ 7  2.700000E+010  1.303119E+000
  377  27/ 7  2.800000E+010  1.075391E+000
  378  28/ 7  2.900000E+010  8.337683E-001
  379  29/ 7  3.000000E+010  6.146256E-001
  380  30/ 7  3.100000E+010  3.791982E-001
  381  31/ 7  3.200000E+010  2.234961E-001
  382  32/ 7  3.300000E+010  6.686890E-002
  383  33/ 7  3.400000E+010 -1.650919E-001
  384  34/ 7  3.500000E+010 -3.771192E-001
  385  35/ 7  3.600000E+010 -5.476558E-001
  386  36/ 7  3.700000E+010 -7.636302E-001
  387  37/ 7  3.800000E+010 -9.639714E-001
  388  38/ 7  3.900000E+010 -1.193173E+000
  389  39/ 7  4.000000E+010 -1.371800E+000
  390  40/ 7  4.100000E+010 -1.552260E+000
  391  41/ 7  4.200000E+010 -1.737532E+000
  392  42/ 7  4.300000E+010 -1.892683E+000
  393  43/ 7  4.400000E+010 -2.066992E+000
  394  44/ 7  4.500000E+010 -2.230932E+000
  395  45/ 7  4.600000E+010 -2.407043E+000
  396  46/ 7  4.700000E+010 -2.531587E+000
  397  47/ 7  4.800000E+010 -2.695167E+000
  398  48/ 7  4.900000E+010 -2.924534E+000
  399  49/ 7  5.000000E+010 -2.993496E+000
  400   0/ 8  1.000000E+009  2.233727E+001
  401   1/ 8  2.000000E+009  1.653833E+001
  402   2/ 8  3.000000E+009  1.302241E+001
  403   3/ 8  4.000000E+009  1.067998E+001
  404   4/ 8  5.000000E+009  8.870199E+000
  405   5/ 8  6.000000E+009  7.406404E+000
  406   6/ 8  7.000000E+009  6.139432E+000
  407   7/ 8  8.000000E+009  5.122948E+000
  408   8/ 8  9.000000E+009  4.190714E+000
  409   9/ 8  1.000000E+010  3.398871E+000
  410  10/ 8  1.100000E+010  2.676812E+000
  411  11/ 8  1.200000E+010  2.029781E+000
  412  12/ 8  1.300000E+010  1.481048E+000
  413  13/ 8  1.400000E+010  9.403906E-001
  414  14/ 8  1.500000E+010  4.381272E-001
  415  15/ 8  1.600000E+010 -1.793022E-002
  416  16/ 8  1.700000E+010 -4.298843E-001
  417  17/ 8  1.800000E+010 -8.570399E-001
  418  18/ 8  1.900000E+010 -1.283217E+000
  419  19/ 8  2.000000E+010 -1.673633E+000
  420  20/ 8  2.100000E+010 -2.019335E+000
  421  21/ 8  2.200000E+010 -2.375483E+000
  422  22/ 8  2.300000E+010 -2.750389E+000
  423  23/ 8  2.400000E+010 -3.111184E+000
  424  24/ 8  2.500000E+010 -3.394428E+000
  425  25/ 8  2.600000E+010 -3.724272E+000
  426  26/ 8  2.700000E+010 -4.079944E+000
  427  27/ 8  2.800000E+010 -4.293550E+000
  428  28/ 8  2.900000E+010 -4.507890E+000
  429  29/ 8  3.000000E+010 -4.706228E+000
  430  30/ 8  3.100000E+010 -4.915875E+000
  431  31/ 8  3.200000E+010 -5.052239E+000
  432  32/ 8  3.300000E+010 -5.195714E+000
  433  33/ 8  3.400000E+010 -5.401405E+000
  434  34/ 8  3.500000E+010 -5.581027E+000
  435  35/ 8  3.600000E+010 -5.723601E+000
  436  36/ 8  3.700000E+010 -5.911149E+000
  437  37/ 8  3.800000E+010 -6.074952E+000
  438  38/ 8  3.900000E+010 -6.281145E+000
  439  39/ 8  4.000000E+010 -6.434449E+000
  440  40/ 8  4.100000E+010 -6.586724E+000
  441  41/ 8  4.200000E+010 -6.749961E+000
  442  42/ 8  4.300000E+010 -6.873317E+000
  443  43/ 8  4.400000E+010 -7.023776E+000
  444  44/ 8  4.500000E+010 -7.156363E+000
  445  45/ 8  4.600000E+010 -7.297760E+000
  446  46/ 8  4.700000E+010 -7.407595E+000
  447  47/ 8  4.800000E+010 -7.572483E+000
  448  48/ 8  4.900000E+010 -7.762370E+000
  449  49/ 8  5.000000E+010 -7.804699E+000
  450   0/ 9  1.000000E+009  1.784817E+001
  451   1/ 9  2.000000E+009  1.199311E+001
  452   2/ 9  3.000000E+009  8.589786E+000
  453   3/ 9  4.000000E+009  6.204722E+000
  454   4/ 9  5.000000E+009  4.375883E+000
  455   5/ 9  6.000000E+009  2.893366E+000
  456   6/ 9  7.000000E+009  1.646174E+000
  457   7/ 9  8.000000E+009  5.944531E-001
  458   8/ 9  9.000000E+009 -3.331965E-001
  459   9/ 9  1.000000E+010 -1.147829E+000
  460  10/ 9  1.100000E+010 -1.882506E+000
  461  11/ 9  1.200000E+010 -2.550770E+000
  462  12/ 9  1.300000E+010 -3.139266E+000
  463  13/ 9  1.400000E+010 -3.690823E+000
  464  14/ 9  1.500000E+010 -4.202325E+000
  465  15/ 9  1.600000E+010 -4.679379E+000
  466  16/ 9  1.700000E+010 -5.113838E+000
  467  17/ 9  1.800000E+010 -5.539446E+000
  468  18/ 9  1.900000E+010 -5.946503E+000
  469  19/ 9  2.000000E+010 -6.327609E+000
  470  20/ 9  2.100000E+010 -6.680818E+000
  471  21/ 9  2.200000E+010 -7.021794E+000
  472  22/ 9  2.300000E+010 -7.366596E+000
  473  23/ 9  2.400000E+010 -7.700028E+000
  474  24/ 9  2.500000E+010 -7.979470E+000
  475  25/ 9  2.600000E+010 -8.287434E+000
  476  26/ 9  2.700000E+010 -8.596212E+000
  477  27/ 9  2.800000E+010 -8.829575E+000
  478  28/ 9  2.900000E+010 -9.052346E+000
  479  29/ 9  3.000000E+010 -9.271797E+000
  480  30/ 9  3.100000E+010 -9.492800E+000
  481  31/ 9  3.200000E+010 -9.656205E+000
  482  32/ 9  3.300000E+010 -9.831569E+000
  483  33/ 9  3.400000E+010 -1.004966E+001
  484  34/ 9  3.500000E+010 -1.021893E+001
  485  35/ 9  3.600000E+010 -1.037177E+001
  486  36/ 9  3.700000E+010 -1.056741E+001
  487  37/ 9  3.800000E+010 -1.072807E+001
  488  38/ 9  3.900000E+010 -1.090655E+001
  489  39/ 9  4.000000E+010 -1.106872E+001
  490  40/ 9  4.100000E+010 -1.123514E+001
  491  41/ 9  4.200000E+010 -1.135623E+001
  492  42/ 9  4.300000E+010 -1.147713E+001
  493  43/ 9  4.400000E+010 -1.163234E+001
  494  44/ 9  4.500000E+010 -1.178389E+001
  495  45/ 9  4.600000E+010 -1.188880E+001
  496  46/ 9  4.700000E+010 -1.200094E+001
  497  47/ 9  4.800000E+010 -1.222021E+001
  498  48/ 9  4.900000E+010 -1.225635E+001
  499  49/ 9  5.000000E+010 -1.226599E+001
  500   0/10  1.000000E+009  1.523810E+001
  501   1/10  2.000000E+009  9.451629E+000
  502   2/10  3.000000E+009  6.043387E+000
  503   3/10  4.000000E+009  3.628083E+000
  504   4/10  5.000000E+009  1.773876E+000
  505   5/10  6.000000E+009  2.783464E-001
  506   6/10  7.000000E+009 -9.887989E-001
  507   7/10  8.000000E+009 -2.056626E+000
  508   8/10  9.000000E+009 -3.000839E+000
  509   9/10  1.000000E+010 -3.833588E+000
  510  10/10  1.100000E+010 -4.584207E+000
  511  11/10  1.200000E+010 -5.273406E+000
  512  12/10  1.300000E+010 -5.880074E+000
  513  13/10  1.400000E+010 -6.461648E+000
  514  14/10  1.500000E+010 -6.994685E+000
  515  15/10  1.600000E+010 -7.492221E+000
  516  16/10  1.700000E+010 -7.949863E+000
  517  17/10  1.800000E+010 -8.400222E+000
  518  18/10  1.900000E+010 -8.814435E+000
  519  19/10  2.000000E+010 -9.214309E+000
  520  20/10  2.100000E+010 -9.580383E+000
  521  21/10  2.200000E+010 -9.938361E+000
  522  22/10  2.300000E+010 -1.029369E+001
  523  23/10  2.400000E+010 -1.062895E+001
  524  24/10  2.500000E+010 -1.092332E+001
  525  25/10  2.600000E+010 -1.124415E+001
  526  26/10  2.700000E+010 -1.155034E+001
  527  27/10  2.800000E+010 -1.179897E+001
  528  28/10  2.900000E+010 -1.203697E+001
  529  29/10  3.000000E+010 -1.227837E+001
  530  30/10  3.100000E+010 -1.251937E+001
  531  31/10  3.200000E+010 -1.270588E+001
  532  32/10  3.300000E+010 -1.290176E+001
  533  33/10  3.400000E+010 -1.313222E+001
  534  34/10  3.500000E+010 -1.332894E+001
  535  35/10  3.600000E+010 -1.348709E+001
  536  36/10  3.700000E+010 -1.369934E+001
  537  37/10  3.800000E+010 -1.385465E+001
  538  38/10  3.900000E+010 -1.403690E+001
  539  39/10  4.000000E+010 -1.422703E+001
  540  40/10  4.100000E+010 -1.437254E+001
  541  41/10  4.200000E+010 -1.449947E+001
  542  42/10  4.300000E+010 -1.461143E+001
  543  43/10  4.400000E+010 -1.480177E+001
  544  44/10  4.500000E+010 -1.495584E+001
  545  45/10  4.600000E+010 -1.500388E+001
  546  46/10  4.700000E+010 -1.511240E+001
  547  47/10  4.800000E+010 -1.537057E+001
  548  48/10  4.900000E+010 -1.547956E+001
  549  49/10  5.000000E+010 -1.542792E+001
  550   0/11  1.000000E+009  1.326803E+001
  551   1/11  2.000000E+009  7.502575E+000
  552   2/11  3.000000E+009  4.100158E+000
  553   3/11  4.000000E+009  1.680512E+000
  554   4/11  5.000000E+009 -1.823115E-001
  555   5/11  6.000000E+009 -1.685807E+000
  556   6/11  7.000000E+009 -2.960265E+000
  557   7/11  8.000000E+009 -4.040658E+000
  558   8/11  9.000000E+009 -4.999048E+000
  559   9/11  1.000000E+010 -5.845207E+000
  560  10/11  1.100000E+010 -6.609686E+000
  561  11/11  1.200000E+010 -7.314022E+000
  562  12/11  1.300000E+010 -7.943901E+000
  563  13/11  1.400000E+010 -8.530617E+000
  564  14/11  1.500000E+010 -9.082036E+000
  565  15/11  1.600000E+010 -9.596097E+000
  566  16/11  1.700000E+010 -1.007066E+001
  567  17/11  1.800000E+010 -1.053250E+001
  568  18/11  1.900000E+010 -1.096054E+001
  569  19/11  2.000000E+010 -1.136758E+001
  570  20/11  2.100000E+010 -1.174839E+001
  571  21/11  2.200000E+010 -1.211846E+001
  572  22/11  2.300000E+010 -1.247251E+001
  573  23/11  2.400000E+010 -1.281840E+001
  574  24/11  2.500000E+010 -1.312111E+001
  575  25/11  2.600000E+010 -1.343676E+001
  576  26/11  2.700000E+010 -1.375118E+001
  577  27/11  2.800000E+010 -1.400142E+001
  578  28/11  2.900000E+010 -1.423867E+001
  579  29/11  3.000000E+010 -1.448304E+001
  580  30/11  3.100000E+010 -1.472578E+001
  581  31/11  3.200000E+010 -1.491174E+001
  582  32/11  3.300000E+010 -1.511560E+001
  583  33/11  3.400000E+010 -1.533686E+001
  584  34/11  3.500000E+010 -1.551946E+001
  585  35/11  3.600000E+010 -1.569241E+001
  586  36/11  3.700000E+010 -1.589760E+001
  587  37/11  3.800000E+010 -1.601593E+001
  588  38/11  3.900000E+010 -1.619921E+001
  589  39/11  4.000000E+010 -1.636924E+001
  590  40/11  4.100000E+010 -1.652993E+001
  591  41/11  4.200000E+010 -1.660374E+001
  592  42/11  4.300000E+010 -1.669678E+001
  593  43/11  4.400000E+010 -1.684325E+001
  594  44/11  4.500000E+010 -1.698167E+001
  595  45/11  4.600000E+010 -1.702922E+001
  596  46/11  4.700000E+010 -1.715986E+001
  597  47/11  4.800000E+010 -1.728354E+001
  598  48/11  4.900000E+010 -1.743266E+001
  599  49/11  5.000000E+010 -1.712698E+001
  600   0/12  1.000000E+009  1.142672E+001
  601   1/12  2.000000E+009  5.671681E+000
  602   2/12  3.000000E+009  2.263822E+000
  603   3/12  4.000000E+009 -1.568579E-001
  604   4/12  5.000000E+009 -2.024236E+000
  605   5/12  6.000000E+009 -3.532049E+000
  606   6/12  7.000000E+009 -4.818351E+000
  607   7/12  8.000000E+009 -5.905778E+000
  608   8/12  9.000000E+009 -6.875477E+000
  609   9/12  1.000000E+010 -7.734783E+000
  610  10/12  1.100000E+010 -8.508289E+000
  611  11/12  1.200000E+010 -9.224298E+000
  612  12/12  1.300000E+010 -9.862631E+000
  613  13/12  1.400000E+010 -1.045799E+001
  614  14/12  1.500000E+010 -1.101269E+001
  615  15/12  1.600000E+010 -1.152543E+001
  616  16/12  1.700000E+010 -1.200838E+001
  617  17/12  1.800000E+010 -1.250419E+001
  618  18/12  1.900000E+010 -1.293289E+001
  619  19/12  2.000000E+010 -1.334295E+001
  620  20/12  2.100000E+010 -1.372114E+001
  621  21/12  2.200000E+010 -1.407787E+001
  622  22/12  2.300000E+010 -1.443086E+001
  623  23/12  2.400000E+010 -1.476330E+001
  624  24/12  2.500000E+010 -1.505553E+001
  625  25/12  2.600000E+010 -1.536213E+001
  626  26/12  2.700000E+010 -1.565637E+001
  627  27/12  2.800000E+010 -1.589618E+001
  628  28/12  2.900000E+010 -1.610944E+001
  629  29/12  3.000000E+010 -1.633904E+001
  630  30/12  3.100000E+010 -1.654601E+001
  631  31/12  3.200000E+010 -1.671649E+001
  632  32/12  3.300000E+010 -1.690016E+001
  633  33/12  3.400000E+010 -1.709513E+001
  634  34/12  3.500000E+010 -1.725780E+001
  635  35/12  3.600000E+010 -1.738423E+001
  636  36/12  3.700000E+010 -1.756116E+001
  637  37/12  3.800000E+010 -1.761786E+001
  638  38/12  3.900000E+010 -1.780617E+001
  639  39/12  4.000000E+010 -1.796187E+001
  640  40/12  4.100000E+010 -1.807913E+001
  641  41/12  4.200000E+010 -1.811902E+001
  642  42/12  4.300000E+010 -1.812857E+001
  643  43/12  4.400000E+010 -1.827767E+001
  644  44/12  4.500000E+010 -1.838720E+001
  645  45/12  4.600000E+010 -1.837780E+001
  646  46/12  4.700000E+010 -1.847336E+001
  647  47/12  4.800000E+010 -1.867704E+001
  648  48/12  4.900000E+010 -1.858805E+001
  649  49/12  5.000000E+010 -1.841371E+001
