Ic (@Vce=1.5V) = {0.170mA, 0.3653mA, 0.7346mA, 1.391mA, 2.528mA, 
4.373mA, 7.044mA, 10.49mA, 14.56mA, 19.11mA, 23.72mA, 27.26mA,
30.26mA, 33.18mA}

H21 vs. freq
Point prm/cv                      freq                  H21_dB.m
    0   0/ 0  1.00000000000000000E+009  1.95470035373830770E+001
    1   1/ 0  2.00000000000000000E+009  1.31458500256575480E+001
    2   2/ 0  3.00000000000000000E+009  9.61130905432897360E+000
    3   3/ 0  4.00000000000000000E+009  7.09852746539758070E+000
    4   4/ 0  5.00000000000000000E+009  5.12695363861922710E+000
    5   5/ 0  6.00000000000000000E+009  3.62444648978692200E+000
    6   6/ 0  7.00000000000000000E+009  2.49098813751607610E+000
    7   7/ 0  8.00000000000000000E+009  1.41415541548097860E+000
    8   8/ 0  9.00000000000000000E+009  6.04659357650004560E-001
    9   9/ 0  1.00000000000000000E+010 -2.62359042837969960E-001
   10  10/ 0  1.10000000000000000E+010 -8.81640469646425730E-001
   11  11/ 0  1.20000000000000000E+010 -1.44551766146698670E+000
   12  12/ 0  1.30000000000000000E+010 -1.93707522382913710E+000
   13  13/ 0  1.40000000000000000E+010 -2.40706991134266040E+000
   14  14/ 0  1.50000000000000000E+010 -2.80781881865699030E+000
   15  15/ 0  1.60000000000000000E+010 -3.38944127657922230E+000
   16  16/ 0  1.70000000000000000E+010 -3.41718458067141380E+000
   17  17/ 0  1.80000000000000000E+010 -3.78891611200362900E+000
   18  18/ 0  1.90000000000000000E+010 -3.95207058113689550E+000
   19  19/ 0  2.00000000000000000E+010 -4.27870640396089370E+000
   20  20/ 0  2.10000000000000000E+010 -4.42017644760954380E+000
   21  21/ 0  2.20000000000000000E+010 -4.56458223197643420E+000
   22  22/ 0  2.30000000000000000E+010 -4.82247512326392250E+000
   23  23/ 0  2.40000000000000000E+010 -4.92457234950216360E+000
   24  24/ 0  2.50000000000000000E+010 -4.99874831532374490E+000
   25  25/ 0  2.60000000000000000E+010 -5.16329125179165160E+000
   26  26/ 0  2.70000000000000000E+010 -5.32662644997212810E+000
   27  27/ 0  2.80000000000000000E+010 -5.48590826795875140E+000
   28  28/ 0  2.90000000000000000E+010 -5.41777292407145160E+000
   29  29/ 0  3.00000000000000000E+010 -5.60012217445740750E+000
   30  30/ 0  3.10000000000000000E+010 -5.83397809676307230E+000
   31  31/ 0  3.20000000000000000E+010 -5.61780391717832210E+000
   32  32/ 0  3.30000000000000000E+010 -5.77409592350572080E+000
   33  33/ 0  3.40000000000000000E+010 -5.73293206306827410E+000
   34  34/ 0  3.50000000000000000E+010 -6.16540434309844980E+000
   35  35/ 0  3.60000000000000000E+010 -5.95639577703370550E+000
   36  36/ 0  3.70000000000000000E+010 -6.29562485594448610E+000
   37  37/ 0  3.80000000000000000E+010 -6.56836513628731830E+000
   38  38/ 0  3.90000000000000000E+010 -6.53106438520809630E+000
   39  39/ 0  4.00000000000000000E+010 -6.22884075156487250E+000
   40  40/ 0  4.10000000000000000E+010 -6.35544170647997570E+000
   41  41/ 0  4.20000000000000000E+010 -5.92794296171417570E+000
   42  42/ 0  4.30000000000000000E+010 -5.79835297327168760E+000
   43  43/ 0  4.40000000000000000E+010 -6.89287716291761220E+000
   44  44/ 0  4.50000000000000000E+010 -6.85359925690882220E+000
   45  45/ 0  4.60000000000000000E+010 -8.27535856544253430E+000
   46  46/ 0  4.70000000000000000E+010 -1.29757088625159900E+001
   47  47/ 0  4.80000000000000000E+010 -1.03774779945260690E+001
   48  48/ 0  4.90000000000000000E+010 -1.22782266355302420E+001
   49  49/ 0  5.00000000000000000E+010 -6.11015578767398890E+000
   50  50/ 0  5.10000000000000000E+010 -6.22610025328099150E+000
   51  51/ 0  5.20000000000000000E+010 -7.51620270326126770E+000
   52  52/ 0  5.30000000000000000E+010 -7.18409348877900200E+000
   53  53/ 0  5.40000000000000000E+010 -7.18160333889123680E+000
   54  54/ 0  5.50000000000000000E+010 -6.22075209614996180E+000
   55  55/ 0  5.60000000000000000E+010 -8.39381259534505200E+000
   56  56/ 0  5.70000000000000000E+010 -6.76979318673373950E+000
   57  57/ 0  5.80000000000000000E+010 -7.08997663312481040E+000
   58  58/ 0  5.90000000000000000E+010 -6.73864646403110080E+000
   59  59/ 0  6.00000000000000000E+010 -7.15269759738472730E+000
   60  60/ 0  6.10000000000000000E+010 -6.58233675623816610E+000
   61  61/ 0  6.20000000000000000E+010 -6.71053704993893610E+000
   62  62/ 0  6.30000000000000000E+010 -6.70787424344199760E+000
   63  63/ 0  6.40000000000000000E+010 -6.92720665243339170E+000
   64  64/ 0  6.50000000000000000E+010 -6.70654217071056190E+000
   65  65/ 0  6.60000000000000000E+010 -6.92603682230705080E+000
   66  66/ 0  6.70000000000000000E+010 -6.96003486652675200E+000
   67  67/ 0  6.80000000000000000E+010 -6.76715799209597790E+000
   68  68/ 0  6.90000000000000000E+010 -6.95651696119707270E+000
   69  69/ 0  7.00000000000000000E+010 -6.48633008425454440E+000
   70  70/ 0  7.10000000000000000E+010 -6.71651799939128760E+000
   71  71/ 0  7.20000000000000000E+010 -6.60267202049102050E+000
   72  72/ 0  7.30000000000000000E+010 -6.98404809686911410E+000
   73  73/ 0  7.40000000000000000E+010 -6.69823826735735480E+000
   74  74/ 0  7.50000000000000000E+010 -6.73687290208273470E+000
   75  75/ 0  7.60000000000000000E+010 -6.71994011827540570E+000
   76  76/ 0  7.70000000000000000E+010 -6.81681325563568310E+000
   77  77/ 0  7.80000000000000000E+010 -6.90570738253056060E+000
   78  78/ 0  7.90000000000000000E+010 -6.62752237269762820E+000
   79  79/ 0  8.00000000000000000E+010 -6.56256272066142540E+000
   80  80/ 0  8.10000000000000000E+010 -7.60433273925197280E+000
   81  81/ 0  8.20000000000000000E+010 -7.33556660415871780E+000
   82  82/ 0  8.30000000000000000E+010 -6.69222041081819620E+000
   83  83/ 0  8.40000000000000000E+010 -6.50691549985896160E+000
   84  84/ 0  8.50000000000000000E+010 -7.09672103735020170E+000
   85  85/ 0  8.60000000000000000E+010 -6.93858763701547510E+000
   86  86/ 0  8.70000000000000000E+010 -7.04688590620258640E+000
   87  87/ 0  8.80000000000000000E+010 -7.07146975903064860E+000
   88  88/ 0  8.90000000000000000E+010 -7.17834878773008090E+000
   89  89/ 0  9.00000000000000000E+010 -7.31288921940722150E+000
   90  90/ 0  9.10000000000000000E+010 -6.60246002051393700E+000
   91  91/ 0  9.20000000000000000E+010 -6.94496537783421260E+000
   92  92/ 0  9.30000000000000000E+010 -7.35059454586393990E+000
   93  93/ 0  9.40000000000000000E+010 -7.39639704400139490E+000
   94   0/ 1  1.00000000000000000E+009  2.67332165110147810E+001
   95   1/ 1  2.00000000000000000E+009  2.02305078910478780E+001
   96   2/ 1  3.00000000000000000E+009  1.66170657856328030E+001
   97   3/ 1  4.00000000000000000E+009  1.40367234347970910E+001
   98   4/ 1  5.00000000000000000E+009  1.20212299012358040E+001
   99   5/ 1  6.00000000000000000E+009  1.04290147659738230E+001
  100   6/ 1  7.00000000000000000E+009  9.15916396860589900E+000
  101   7/ 1  8.00000000000000000E+009  7.97637730762447640E+000
  102   8/ 1  9.00000000000000000E+009  7.07853781075053060E+000
  103   9/ 1  1.00000000000000000E+010  6.03558930217755840E+000
  104  10/ 1  1.10000000000000000E+010  5.27801467913118930E+000
  105  11/ 1  1.20000000000000000E+010  4.58768654340017880E+000
  106  12/ 1  1.30000000000000000E+010  3.93879991434639140E+000
  107  13/ 1  1.40000000000000000E+010  3.29977095653458360E+000
  108  14/ 1  1.50000000000000000E+010  2.76930072190626130E+000
  109  15/ 1  1.60000000000000000E+010  1.96936380111361830E+000
  110  16/ 1  1.70000000000000000E+010  1.84934875784285220E+000
  111  17/ 1  1.80000000000000000E+010  1.29611838438731210E+000
  112  18/ 1  1.90000000000000000E+010  1.03803584950997060E+000
  113  19/ 1  2.00000000000000000E+010  5.25932536459238430E-001
  114  20/ 1  2.10000000000000000E+010  2.82726445674606470E-001
  115  21/ 1  2.20000000000000000E+010 -2.51684958682516990E-002
  116  22/ 1  2.30000000000000000E+010 -4.20480824161973970E-001
  117  23/ 1  2.40000000000000000E+010 -5.88715898914142330E-001
  118  24/ 1  2.50000000000000000E+010 -8.21892692079995160E-001
  119  25/ 1  2.60000000000000000E+010 -1.19991220458421770E+000
  120  26/ 1  2.70000000000000000E+010 -1.41876322226948610E+000
  121  27/ 1  2.80000000000000000E+010 -1.67430856139468640E+000
  122  28/ 1  2.90000000000000000E+010 -1.80774319305122130E+000
  123  29/ 1  3.00000000000000000E+010 -2.08268646559639460E+000
  124  30/ 1  3.10000000000000000E+010 -2.41135480264649620E+000
  125  31/ 1  3.20000000000000000E+010 -2.19358527167002300E+000
  126  32/ 1  3.30000000000000000E+010 -2.44073553353186410E+000
  127  33/ 1  3.40000000000000000E+010 -2.64074178719494720E+000
  128  34/ 1  3.50000000000000000E+010 -2.92984547163027730E+000
  129  35/ 1  3.60000000000000000E+010 -3.02652685173104170E+000
  130  36/ 1  3.70000000000000000E+010 -3.32095037871720190E+000
  131  37/ 1  3.80000000000000000E+010 -3.53564291584081940E+000
  132  38/ 1  3.90000000000000000E+010 -3.80647967762604500E+000
  133  39/ 1  4.00000000000000000E+010 -3.44703745105097600E+000
  134  40/ 1  4.10000000000000000E+010 -3.64321374617104960E+000
  135  41/ 1  4.20000000000000000E+010 -3.49984251382730300E+000
  136  42/ 1  4.30000000000000000E+010 -3.66369957401808310E+000
  137  43/ 1  4.40000000000000000E+010 -4.52945918511927470E+000
  138  44/ 1  4.50000000000000000E+010 -4.46726458318889020E+000
  139  45/ 1  4.60000000000000000E+010 -5.67963495115037720E+000
  140  46/ 1  4.70000000000000000E+010 -1.01184618082518250E+001
  141  47/ 1  4.80000000000000000E+010 -9.39403358285616540E+000
  142  48/ 1  4.90000000000000000E+010 -9.50825648131635150E+000
  143  49/ 1  5.00000000000000000E+010 -5.64600361760369740E+000
  144  50/ 1  5.10000000000000000E+010 -6.36812614951558050E+000
  145  51/ 1  5.20000000000000000E+010 -6.53546115062444240E+000
  146  52/ 1  5.30000000000000000E+010 -4.97434244133851510E+000
  147  53/ 1  5.40000000000000000E+010 -5.29911505922575540E+000
  148  54/ 1  5.50000000000000000E+010 -5.24719581295590840E+000
  149  55/ 1  5.60000000000000000E+010 -7.47069392771979320E+000
  150  56/ 1  5.70000000000000000E+010 -4.49516994437956100E+000
  151  57/ 1  5.80000000000000000E+010 -4.88911889591907030E+000
  152  58/ 1  5.90000000000000000E+010 -4.54979605170727460E+000
  153  59/ 1  6.00000000000000000E+010 -5.01025825133949980E+000
  154  60/ 1  6.10000000000000000E+010 -4.42461942661857500E+000
  155  61/ 1  6.20000000000000000E+010 -4.61210695533961260E+000
  156  62/ 1  6.30000000000000000E+010 -4.55813291828513110E+000
  157  63/ 1  6.40000000000000000E+010 -4.80836385063916080E+000
  158  64/ 1  6.50000000000000000E+010 -4.75444007315970560E+000
  159  65/ 1  6.60000000000000000E+010 -4.89638250106356490E+000
  160  66/ 1  6.70000000000000000E+010 -5.03683855064226900E+000
  161  67/ 1  6.80000000000000000E+010 -4.87171337379418020E+000
  162  68/ 1  6.90000000000000000E+010 -5.00134166821732860E+000
  163  69/ 1  7.00000000000000000E+010 -4.59969712158284680E+000
  164  70/ 1  7.10000000000000000E+010 -4.87212907313463980E+000
  165  71/ 1  7.20000000000000000E+010 -4.76899573330540070E+000
  166  72/ 1  7.30000000000000000E+010 -5.01428484717254190E+000
  167  73/ 1  7.40000000000000000E+010 -4.82831182581740490E+000
  168  74/ 1  7.50000000000000000E+010 -5.01864120276182120E+000
  169  75/ 1  7.60000000000000000E+010 -5.04162819374981550E+000
  170  76/ 1  7.70000000000000000E+010 -5.21426235436034970E+000
  171  77/ 1  7.80000000000000000E+010 -5.25385054703254720E+000
  172  78/ 1  7.90000000000000000E+010 -5.08195248771375230E+000
  173  79/ 1  8.00000000000000000E+010 -4.98293157042660530E+000
  174  80/ 1  8.10000000000000000E+010 -5.87635242227321620E+000
  175  81/ 1  8.20000000000000000E+010 -5.85043955231036340E+000
  176  82/ 1  8.30000000000000000E+010 -5.18998706595043300E+000
  177  83/ 1  8.40000000000000000E+010 -4.95776371647386770E+000
  178  84/ 1  8.50000000000000000E+010 -5.57880755935206450E+000
  179  85/ 1  8.60000000000000000E+010 -5.46681949142211380E+000
  180  86/ 1  8.70000000000000000E+010 -5.54267666252686290E+000
  181  87/ 1  8.80000000000000000E+010 -5.60356277093341240E+000
  182  88/ 1  8.90000000000000000E+010 -5.77679513354281670E+000
  183  89/ 1  9.00000000000000000E+010 -5.79165492347094180E+000
  184  90/ 1  9.10000000000000000E+010 -5.21317335226657970E+000
  185  91/ 1  9.20000000000000000E+010 -5.68312047045313930E+000
  186  92/ 1  9.30000000000000000E+010 -6.21979982313692760E+000
  187  93/ 1  9.40000000000000000E+010 -6.13101938132420890E+000
  188   0/ 2  1.00000000000000000E+009  3.27637391059627280E+001
  189   1/ 2  2.00000000000000000E+009  2.64368524339435320E+001
  190   2/ 2  3.00000000000000000E+009  2.28566973528551320E+001
  191   3/ 2  4.00000000000000000E+009  2.02457624045478180E+001
  192   4/ 2  5.00000000000000000E+009  1.82409937350352610E+001
  193   5/ 2  6.00000000000000000E+009  1.66469185140980330E+001
  194   6/ 2  7.00000000000000000E+009  1.53199499030050110E+001
  195   7/ 2  8.00000000000000000E+009  1.41339668030699310E+001
  196   8/ 2  9.00000000000000000E+009  1.32255803406146750E+001
  197   9/ 2  1.00000000000000000E+010  1.21421145028028230E+001
  198  10/ 2  1.10000000000000000E+010  1.13425817949435960E+001
  199  11/ 2  1.20000000000000000E+010  1.06380744316626250E+001
  200  12/ 2  1.30000000000000000E+010  9.93161580242806610E+000
  201  13/ 2  1.40000000000000000E+010  9.25730713147377490E+000
  202  14/ 2  1.50000000000000000E+010  8.68291500364153810E+000
  203  15/ 2  1.60000000000000000E+010  7.87096450717264860E+000
  204  16/ 2  1.70000000000000000E+010  7.67838378056568870E+000
  205  17/ 2  1.80000000000000000E+010  7.06144407683519580E+000
  206  18/ 2  1.90000000000000000E+010  6.74684929308782430E+000
  207  19/ 2  2.00000000000000000E+010  6.17996809867609360E+000
  208  20/ 2  2.10000000000000000E+010  5.88197942393657950E+000
  209  21/ 2  2.20000000000000000E+010  5.53012212830461450E+000
  210  22/ 2  2.30000000000000000E+010  5.07860324513755400E+000
  211  23/ 2  2.40000000000000000E+010  4.84683117966405420E+000
  212  24/ 2  2.50000000000000000E+010  4.51892008086056850E+000
  213  25/ 2  2.60000000000000000E+010  4.10609761960569660E+000
  214  26/ 2  2.70000000000000000E+010  3.82642118854896740E+000
  215  27/ 2  2.80000000000000000E+010  3.51035473140124620E+000
  216  28/ 2  2.90000000000000000E+010  3.28883642981757960E+000
  217  29/ 2  3.00000000000000000E+010  2.95131719235120470E+000
  218  30/ 2  3.10000000000000000E+010  2.58415915275854320E+000
  219  31/ 2  3.20000000000000000E+010  2.68661484609222170E+000
  220  32/ 2  3.30000000000000000E+010  2.36560132544609920E+000
  221  33/ 2  3.40000000000000000E+010  2.04736838247609710E+000
  222  34/ 2  3.50000000000000000E+010  1.89769221553997800E+000
  223  35/ 2  3.60000000000000000E+010  1.63282108728896880E+000
  224  36/ 2  3.70000000000000000E+010  1.29811004274696100E+000
  225  37/ 2  3.80000000000000000E+010  1.06147050519290960E+000
  226  38/ 2  3.90000000000000000E+010  6.88554921465691860E-001
  227  39/ 2  4.00000000000000000E+010  1.14724469824924280E+000
  228  40/ 2  4.10000000000000000E+010  6.55224375241040270E-001
  229  41/ 2  4.20000000000000000E+010  5.72429326452138730E-001
  230  42/ 2  4.30000000000000000E+010  2.11559207617489200E-001
  231  43/ 2  4.40000000000000000E+010 -8.02423026535391550E-002
  232  44/ 2  4.50000000000000000E+010 -4.91625761092538070E-002
  233  45/ 2  4.60000000000000000E+010 -7.24412590021960680E-001
  234  46/ 2  4.70000000000000000E+010 -2.20521470134637230E+000
  235  47/ 2  4.80000000000000000E+010 -3.16891116496408110E+000
  236  48/ 2  4.90000000000000000E+010 -3.88035030478563540E+000
  237  49/ 2  5.00000000000000000E+010 -3.81568377340834090E+000
  238  50/ 2  5.10000000000000000E+010 -3.91421936584315010E+000
  239  51/ 2  5.20000000000000000E+010 -2.48574935849157570E+000
  240  52/ 2  5.30000000000000000E+010 -1.34643599358473680E+000
  241  53/ 2  5.40000000000000000E+010 -1.87545476797486720E+000
  242  54/ 2  5.50000000000000000E+010 -3.03509865647495890E+000
  243  55/ 2  5.60000000000000000E+010 -2.20586515656703910E+000
  244  56/ 2  5.70000000000000000E+010 -8.78674189031980470E-001
  245  57/ 2  5.80000000000000000E+010 -1.29303512650458140E+000
  246  58/ 2  5.90000000000000000E+010 -1.03046890807560150E+000
  247  59/ 2  6.00000000000000000E+010 -1.47511940386458250E+000
  248  60/ 2  6.10000000000000000E+010 -9.94707320988556960E-001
  249  61/ 2  6.20000000000000000E+010 -1.17623273528758430E+000
  250  62/ 2  6.30000000000000000E+010 -1.22160735190848890E+000
  251  63/ 2  6.40000000000000000E+010 -1.47164284741437500E+000
  252  64/ 2  6.50000000000000000E+010 -1.41126356775993230E+000
  253  65/ 2  6.60000000000000000E+010 -1.63098872719572040E+000
  254  66/ 2  6.70000000000000000E+010 -1.80079206643952470E+000
  255  67/ 2  6.80000000000000000E+010 -1.63398323119969380E+000
  256  68/ 2  6.90000000000000000E+010 -1.87100037329579650E+000
  257  69/ 2  7.00000000000000000E+010 -1.44063980705456410E+000
  258  70/ 2  7.10000000000000000E+010 -1.77964211261530190E+000
  259  71/ 2  7.20000000000000000E+010 -1.70252560682657790E+000
  260  72/ 2  7.30000000000000000E+010 -2.11824223694210370E+000
  261  73/ 2  7.40000000000000000E+010 -1.83644190936307040E+000
  262  74/ 2  7.50000000000000000E+010 -2.01173874674634060E+000
  263  75/ 2  7.60000000000000000E+010 -2.05468686481568330E+000
  264  76/ 2  7.70000000000000000E+010 -2.25157321061368740E+000
  265  77/ 2  7.80000000000000000E+010 -2.38918494385015650E+000
  266  78/ 2  7.90000000000000000E+010 -2.16565714550150680E+000
  267  79/ 2  8.00000000000000000E+010 -2.13211190774650560E+000
  268  80/ 2  8.10000000000000000E+010 -3.21345965736170580E+000
  269  81/ 2  8.20000000000000000E+010 -2.94152546154221110E+000
  270  82/ 2  8.30000000000000000E+010 -2.44466626976480580E+000
  271  83/ 2  8.40000000000000000E+010 -2.19022306853940170E+000
  272  84/ 2  8.50000000000000000E+010 -2.92971198390899620E+000
  273  85/ 2  8.60000000000000000E+010 -2.68104369635497400E+000
  274  86/ 2  8.70000000000000000E+010 -2.93604393024925070E+000
  275  87/ 2  8.80000000000000000E+010 -2.97234972385331810E+000
  276  88/ 2  8.90000000000000000E+010 -3.17298698986428910E+000
  277  89/ 2  9.00000000000000000E+010 -3.33729549613928800E+000
  278  90/ 2  9.10000000000000000E+010 -2.58989940381781030E+000
  279  91/ 2  9.20000000000000000E+010 -3.12082724296431070E+000
  280  92/ 2  9.30000000000000000E+010 -3.57295389766618320E+000
  281  93/ 2  9.40000000000000000E+010 -3.59187674943724830E+000
  282   0/ 3  1.00000000000000000E+009  3.73962394721600260E+001
  283   1/ 3  2.00000000000000000E+009  3.13265325248250690E+001
  284   2/ 3  3.00000000000000000E+009  2.77805932240584530E+001
  285   3/ 3  4.00000000000000000E+009  2.52151244426800180E+001
  286   4/ 3  5.00000000000000000E+009  2.32378427824286790E+001
  287   5/ 3  6.00000000000000000E+009  2.16399469509448250E+001
  288   6/ 3  7.00000000000000000E+009  2.02977697095071400E+001
  289   7/ 3  8.00000000000000000E+009  1.91239383798874910E+001
  290   8/ 3  9.00000000000000000E+009  1.81952311641823490E+001
  291   9/ 3  1.00000000000000000E+010  1.71293770553900020E+001
  292  10/ 3  1.10000000000000000E+010  1.63329958401735520E+001
  293  11/ 3  1.20000000000000000E+010  1.56416850908003880E+001
  294  12/ 3  1.30000000000000000E+010  1.48910598291632380E+001
  295  13/ 3  1.40000000000000000E+010  1.42359728689173930E+001
  296  14/ 3  1.50000000000000000E+010  1.36500919002178890E+001
  297  15/ 3  1.60000000000000000E+010  1.28707320665307370E+001
  298  16/ 3  1.70000000000000000E+010  1.26043200743302180E+001
  299  17/ 3  1.80000000000000000E+010  1.20005123365962960E+001
  300  18/ 3  1.90000000000000000E+010  1.16475134165745970E+001
  301  19/ 3  2.00000000000000000E+010  1.10695744307565960E+001
  302  20/ 3  2.10000000000000000E+010  1.07700882126522240E+001
  303  21/ 3  2.20000000000000000E+010  1.03772158462354480E+001
  304  22/ 3  2.30000000000000000E+010  9.91711072345513860E+000
  305  23/ 3  2.40000000000000000E+010  9.67143006527265040E+000
  306  24/ 3  2.50000000000000000E+010  9.30915530304777050E+000
  307  25/ 3  2.60000000000000000E+010  8.89279144923122190E+000
  308  26/ 3  2.70000000000000000E+010  8.61162530781252760E+000
  309  27/ 3  2.80000000000000000E+010  8.27276543627401220E+000
  310  28/ 3  2.90000000000000000E+010  8.00464762765102120E+000
  311  29/ 3  3.00000000000000000E+010  7.67773118992556820E+000
  312  30/ 3  3.10000000000000000E+010  7.30626038266832280E+000
  313  31/ 3  3.20000000000000000E+010  7.29843214826151690E+000
  314  32/ 3  3.30000000000000000E+010  6.94597921082980550E+000
  315  33/ 3  3.40000000000000000E+010  6.62667194585974780E+000
  316  34/ 3  3.50000000000000000E+010  6.40991886504864360E+000
  317  35/ 3  3.60000000000000000E+010  6.08732088378575400E+000
  318  36/ 3  3.70000000000000000E+010  5.77260397651801240E+000
  319  37/ 3  3.80000000000000000E+010  5.54366509238181320E+000
  320  38/ 3  3.90000000000000000E+010  5.35819955122181390E+000
  321  39/ 3  4.00000000000000000E+010  5.39411736937316280E+000
  322  40/ 3  4.10000000000000000E+010  5.04626874319989230E+000
  323  41/ 3  4.20000000000000000E+010  4.81539364224005870E+000
  324  42/ 3  4.30000000000000000E+010  4.62904636833407680E+000
  325  43/ 3  4.40000000000000000E+010  4.43733550760060690E+000
  326  44/ 3  4.50000000000000000E+010  4.38032477448321430E+000
  327  45/ 3  4.60000000000000000E+010  4.13478996989676070E+000
  328  46/ 3  4.70000000000000000E+010  4.60293266097980420E+000
  329  47/ 3  4.80000000000000000E+010  3.13758254380956240E+000
  330  48/ 3  4.90000000000000000E+010  1.99849331849597920E+000
  331  49/ 3  5.00000000000000000E+010  1.20242925525524110E+000
  332  50/ 3  5.10000000000000000E+010  6.95260752879834460E-001
  333  51/ 3  5.20000000000000000E+010  1.62091180230853230E+000
  334  52/ 3  5.30000000000000000E+010  3.30718086604927960E+000
  335  53/ 3  5.40000000000000000E+010  2.66393073455012620E+000
  336  54/ 3  5.50000000000000000E+010  6.07537440150827450E-001
  337  55/ 3  5.60000000000000000E+010  2.67315640949110380E+000
  338  56/ 3  5.70000000000000000E+010  2.91786355157498090E+000
  339  57/ 3  5.80000000000000000E+010  2.53354075719016160E+000
  340  58/ 3  5.90000000000000000E+010  2.78281171504115980E+000
  341  59/ 3  6.00000000000000000E+010  2.26942285951353860E+000
  342  60/ 3  6.10000000000000000E+010  2.70265028849977270E+000
  343  61/ 3  6.20000000000000000E+010  2.49452033023650930E+000
  344  62/ 3  6.30000000000000000E+010  2.33529167731200630E+000
  345  63/ 3  6.40000000000000000E+010  2.09478809907332230E+000
  346  64/ 3  6.50000000000000000E+010  2.28286835328764020E+000
  347  65/ 3  6.60000000000000000E+010  1.90961790868564000E+000
  348  66/ 3  6.70000000000000000E+010  1.77835443336104500E+000
  349  67/ 3  6.80000000000000000E+010  1.92775717923127890E+000
  350  68/ 3  6.90000000000000000E+010  1.54733410801208480E+000
  351  69/ 3  7.00000000000000000E+010  2.02416183548019020E+000
  352  70/ 3  7.10000000000000000E+010  1.65843398445629340E+000
  353  71/ 3  7.20000000000000000E+010  1.71578775973821760E+000
  354  72/ 3  7.30000000000000000E+010  1.33153328117214810E+000
  355  73/ 3  7.40000000000000000E+010  1.44033348797605140E+000
  356  74/ 3  7.50000000000000000E+010  1.39645838936547380E+000
  357  75/ 3  7.60000000000000000E+010  1.39237224395766000E+000
  358  76/ 3  7.70000000000000000E+010  1.13487171866705610E+000
  359  77/ 3  7.80000000000000000E+010  1.04662046453710200E+000
  360  78/ 3  7.90000000000000000E+010  1.25753547974848150E+000
  361  79/ 3  8.00000000000000000E+010  1.25615462961816580E+000
  362  80/ 3  8.10000000000000000E+010  8.51508659294860360E-002
  363  81/ 3  8.20000000000000000E+010  2.15963777051683010E-001
  364  82/ 3  8.30000000000000000E+010  8.56914727025469000E-001
  365  83/ 3  8.40000000000000000E+010  9.95636621634362730E-001
  366  84/ 3  8.50000000000000000E+010  2.56661244511904090E-001
  367  85/ 3  8.60000000000000000E+010  5.85060175164439310E-001
  368  86/ 3  8.70000000000000000E+010  2.05134478797522950E-001
  369  87/ 3  8.80000000000000000E+010  1.46743902487503600E-001
  370  88/ 3  8.90000000000000000E+010 -7.09921159871022750E-003
  371  89/ 3  9.00000000000000000E+010 -2.34048626741766710E-001
  372  90/ 3  9.10000000000000000E+010  6.01320872619129700E-001
  373  91/ 3  9.20000000000000000E+010 -4.27717519199695000E-002
  374  92/ 3  9.30000000000000000E+010 -5.00396023334627740E-001
  375  93/ 3  9.40000000000000000E+010 -5.77417604218577910E-001
  376   0/ 4  1.00000000000000000E+009  4.06761107692947450E+001
  377   1/ 4  2.00000000000000000E+009  3.47306699533953560E+001
  378   2/ 4  3.00000000000000000E+009  3.12509647837108560E+001
  379   3/ 4  4.00000000000000000E+009  2.87180400738980520E+001
  380   4/ 4  5.00000000000000000E+009  2.67730817372239440E+001
  381   5/ 4  6.00000000000000000E+009  2.52018460080431770E+001
  382   6/ 4  7.00000000000000000E+009  2.38436223360473140E+001
  383   7/ 4  8.00000000000000000E+009  2.26854165122321660E+001
  384   8/ 4  9.00000000000000000E+009  2.17195062660848350E+001
  385   9/ 4  1.00000000000000000E+010  2.07099824455837300E+001
  386  10/ 4  1.10000000000000000E+010  1.99127969441128020E+001
  387  11/ 4  1.20000000000000000E+010  1.92084772680301260E+001
  388  12/ 4  1.30000000000000000E+010  1.84634054943797420E+001
  389  13/ 4  1.40000000000000000E+010  1.78048909395478670E+001
  390  14/ 4  1.50000000000000000E+010  1.72163609555494400E+001
  391  15/ 4  1.60000000000000000E+010  1.65039926814098620E+001
  392  16/ 4  1.70000000000000000E+010  1.61436676010401430E+001
  393  17/ 4  1.80000000000000000E+010  1.55759332611316520E+001
  394  18/ 4  1.90000000000000000E+010  1.51910563843175480E+001
  395  19/ 4  2.00000000000000000E+010  1.46480204575864740E+001
  396  20/ 4  2.10000000000000000E+010  1.43360008093435920E+001
  397  21/ 4  2.20000000000000000E+010  1.39233692118325720E+001
  398  22/ 4  2.30000000000000000E+010  1.34813690953470590E+001
  399  23/ 4  2.40000000000000000E+010  1.31595387216536980E+001
  400  24/ 4  2.50000000000000000E+010  1.28070316664899550E+001
  401  25/ 4  2.60000000000000000E+010  1.24476100988835350E+001
  402  26/ 4  2.70000000000000000E+010  1.21543080576427340E+001
  403  27/ 4  2.80000000000000000E+010  1.17731207179804930E+001
  404  28/ 4  2.90000000000000000E+010  1.14991799202765290E+001
  405  29/ 4  3.00000000000000000E+010  1.11588117616324050E+001
  406  30/ 4  3.10000000000000000E+010  1.07807852602722180E+001
  407  31/ 4  3.20000000000000000E+010  1.07258931694872290E+001
  408  32/ 4  3.30000000000000000E+010  1.04254257363904850E+001
  409  33/ 4  3.40000000000000000E+010  1.00620392631436410E+001
  410  34/ 4  3.50000000000000000E+010  9.81942089595269780E+000
  411  35/ 4  3.60000000000000000E+010  9.60311771178027310E+000
  412  36/ 4  3.70000000000000000E+010  9.22205296982633270E+000
  413  37/ 4  3.80000000000000000E+010  9.20467577618736500E+000
  414  38/ 4  3.90000000000000000E+010  8.68245518716375740E+000
  415  39/ 4  4.00000000000000000E+010  8.83945077526312590E+000
  416  40/ 4  4.10000000000000000E+010  8.41019444779203700E+000
  417  41/ 4  4.20000000000000000E+010  8.08592307025853610E+000
  418  42/ 4  4.30000000000000000E+010  7.85525430918120730E+000
  419  43/ 4  4.40000000000000000E+010  7.86327770893930470E+000
  420  44/ 4  4.50000000000000000E+010  7.92519954660175150E+000
  421  45/ 4  4.60000000000000000E+010  7.99108041240622310E+000
  422  46/ 4  4.70000000000000000E+010  9.31044401943369590E+000
  423  47/ 4  4.80000000000000000E+010  8.02381105254270820E+000
  424  48/ 4  4.90000000000000000E+010  6.55231683644268690E+000
  425  49/ 4  5.00000000000000000E+010  4.85501343547748300E+000
  426  50/ 4  5.10000000000000000E+010  4.43212919300986470E+000
  427  51/ 4  5.20000000000000000E+010  4.83063507965463580E+000
  428  52/ 4  5.30000000000000000E+010  5.21868805485245880E+000
  429  53/ 4  5.40000000000000000E+010  5.44749801721109430E+000
  430  54/ 4  5.50000000000000000E+010  3.94144094927158630E+000
  431  55/ 4  5.60000000000000000E+010  6.43351344512518870E+000
  432  56/ 4  5.70000000000000000E+010  6.01271066813479040E+000
  433  57/ 4  5.80000000000000000E+010  5.61199145277384300E+000
  434  58/ 4  5.90000000000000000E+010  5.85066384963029760E+000
  435  59/ 4  6.00000000000000000E+010  5.33979107972168080E+000
  436  60/ 4  6.10000000000000000E+010  5.67705864031013530E+000
  437  61/ 4  6.20000000000000000E+010  5.50772399507318330E+000
  438  62/ 4  6.30000000000000000E+010  5.29090700954527280E+000
  439  63/ 4  6.40000000000000000E+010  5.02658772035130760E+000
  440  64/ 4  6.50000000000000000E+010  5.28133695867312450E+000
  441  65/ 4  6.60000000000000000E+010  4.90066736276171260E+000
  442  66/ 4  6.70000000000000000E+010  4.67591545622603900E+000
  443  67/ 4  6.80000000000000000E+010  4.90399390096379490E+000
  444  68/ 4  6.90000000000000000E+010  4.44611221331545270E+000
  445  69/ 4  7.00000000000000000E+010  4.88051695192723310E+000
  446  70/ 4  7.10000000000000000E+010  4.61616818413885440E+000
  447  71/ 4  7.20000000000000000E+010  4.55032987924411360E+000
  448  72/ 4  7.30000000000000000E+010  4.16130224019198010E+000
  449  73/ 4  7.40000000000000000E+010  4.25343692717474830E+000
  450  74/ 4  7.50000000000000000E+010  4.28521109006382960E+000
  451  75/ 4  7.60000000000000000E+010  4.24142445001637290E+000
  452  76/ 4  7.70000000000000000E+010  4.00598657759991820E+000
  453  77/ 4  7.80000000000000000E+010  3.79930896434466180E+000
  454  78/ 4  7.90000000000000000E+010  4.14332263429056540E+000
  455  79/ 4  8.00000000000000000E+010  4.09299595557950370E+000
  456  80/ 4  8.10000000000000000E+010  2.86384111487029180E+000
  457  81/ 4  8.20000000000000000E+010  3.00544088400180480E+000
  458  82/ 4  8.30000000000000000E+010  3.47362154109700460E+000
  459  83/ 4  8.40000000000000000E+010  3.78156698643593400E+000
  460  84/ 4  8.50000000000000000E+010  2.96452230477610310E+000
  461  85/ 4  8.60000000000000000E+010  3.33636109442334570E+000
  462  86/ 4  8.70000000000000000E+010  2.97517477572378790E+000
  463  87/ 4  8.80000000000000000E+010  2.96653270455246610E+000
  464  88/ 4  8.90000000000000000E+010  2.77082822639571540E+000
  465  89/ 4  9.00000000000000000E+010  2.53433047281998650E+000
  466  90/ 4  9.10000000000000000E+010  3.43426264808656610E+000
  467  91/ 4  9.20000000000000000E+010  2.66609137300394040E+000
  468  92/ 4  9.30000000000000000E+010  2.31672214881501310E+000
  469  93/ 4  9.40000000000000000E+010  2.23315912720897810E+000
  470   0/ 5  1.00000000000000000E+009  4.24853553482608890E+001
  471   1/ 5  2.00000000000000000E+009  3.68115655552972640E+001
  472   2/ 5  3.00000000000000000E+009  3.33945076351615740E+001
  473   3/ 5  4.00000000000000000E+009  3.08848114378997640E+001
  474   4/ 5  5.00000000000000000E+009  2.89624562204962470E+001
  475   5/ 5  6.00000000000000000E+009  2.73693134621026320E+001
  476   6/ 5  7.00000000000000000E+009  2.60356858872900360E+001
  477   7/ 5  8.00000000000000000E+009  2.48880318954195020E+001
  478   8/ 5  9.00000000000000000E+009  2.39038439780493700E+001
  479   9/ 5  1.00000000000000000E+010  2.29158720562546630E+001
  480  10/ 5  1.10000000000000000E+010  2.21270107093676740E+001
  481  11/ 5  1.20000000000000000E+010  2.14036032577574710E+001
  482  12/ 5  1.30000000000000000E+010  2.06734948855861870E+001
  483  13/ 5  1.40000000000000000E+010  2.00250553354691330E+001
  484  14/ 5  1.50000000000000000E+010  1.94147902032102950E+001
  485  15/ 5  1.60000000000000000E+010  1.87715690319499910E+001
  486  16/ 5  1.70000000000000000E+010  1.83335984704247360E+001
  487  17/ 5  1.80000000000000000E+010  1.78170101052047550E+001
  488  18/ 5  1.90000000000000000E+010  1.74006669330914610E+001
  489  19/ 5  2.00000000000000000E+010  1.68460869962341700E+001
  490  20/ 5  2.10000000000000000E+010  1.65291181369908850E+001
  491  21/ 5  2.20000000000000000E+010  1.61024090173388820E+001
  492  22/ 5  2.30000000000000000E+010  1.56933568013532090E+001
  493  23/ 5  2.40000000000000000E+010  1.53559257482374620E+001
  494  24/ 5  2.50000000000000000E+010  1.49476170344019440E+001
  495  25/ 5  2.60000000000000000E+010  1.46107524249628930E+001
  496  26/ 5  2.70000000000000000E+010  1.43242214605509750E+001
  497  27/ 5  2.80000000000000000E+010  1.39961817371413030E+001
  498  28/ 5  2.90000000000000000E+010  1.36789276530190090E+001
  499  29/ 5  3.00000000000000000E+010  1.33478070938090920E+001
  500  30/ 5  3.10000000000000000E+010  1.29702745756104520E+001
  501  31/ 5  3.20000000000000000E+010  1.28596579035441550E+001
  502  32/ 5  3.30000000000000000E+010  1.25792427229552840E+001
  503  33/ 5  3.40000000000000000E+010  1.22177102647634770E+001
  504  34/ 5  3.50000000000000000E+010  1.19434788216663250E+001
  505  35/ 5  3.60000000000000000E+010  1.17342894343488130E+001
  506  36/ 5  3.70000000000000000E+010  1.13755433174434460E+001
  507  37/ 5  3.80000000000000000E+010  1.13323589407798040E+001
  508  38/ 5  3.90000000000000000E+010  1.06495157808604650E+001
  509  39/ 5  4.00000000000000000E+010  1.09230777717481970E+001
  510  40/ 5  4.10000000000000000E+010  1.04113200840309990E+001
  511  41/ 5  4.20000000000000000E+010  1.02011446200397980E+001
  512  42/ 5  4.30000000000000000E+010  9.92606519450036910E+000
  513  43/ 5  4.40000000000000000E+010  1.00973106005118400E+001
  514  44/ 5  4.50000000000000000E+010  1.00621943507515650E+001
  515  45/ 5  4.60000000000000000E+010  1.04574932197495740E+001
  516  46/ 5  4.70000000000000000E+010  1.28104002040415370E+001
  517  47/ 5  4.80000000000000000E+010  1.08361887869340040E+001
  518  48/ 5  4.90000000000000000E+010  9.12851932240878840E+000
  519  49/ 5  5.00000000000000000E+010  7.55020542030662960E+000
  520  50/ 5  5.10000000000000000E+010  7.31081027505823930E+000
  521  51/ 5  5.20000000000000000E+010  6.66869245618703670E+000
  522  52/ 5  5.30000000000000000E+010  8.07302843513430800E+000
  523  53/ 5  5.40000000000000000E+010  7.88692059710405770E+000
  524  54/ 5  5.50000000000000000E+010  5.72953978478737100E+000
  525  55/ 5  5.60000000000000000E+010  9.58865867951733540E+000
  526  56/ 5  5.70000000000000000E+010  8.03140730915771780E+000
  527  57/ 5  5.80000000000000000E+010  7.65300547721535200E+000
  528  58/ 5  5.90000000000000000E+010  7.85421751412895470E+000
  529  59/ 5  6.00000000000000000E+010  7.35408178008056270E+000
  530  60/ 5  6.10000000000000000E+010  7.68047990201658590E+000
  531  61/ 5  6.20000000000000000E+010  7.50678255304372400E+000
  532  62/ 5  6.30000000000000000E+010  7.25531964031409600E+000
  533  63/ 5  6.40000000000000000E+010  7.04599394875297240E+000
  534  64/ 5  6.50000000000000000E+010  7.27610560185265240E+000
  535  65/ 5  6.60000000000000000E+010  6.88051527905210400E+000
  536  66/ 5  6.70000000000000000E+010  6.65455353444049540E+000
  537  67/ 5  6.80000000000000000E+010  6.86934499199771410E+000
  538  68/ 5  6.90000000000000000E+010  6.38555138254438680E+000
  539  69/ 5  7.00000000000000000E+010  6.87819643884524100E+000
  540  70/ 5  7.10000000000000000E+010  6.49388819381066180E+000
  541  71/ 5  7.20000000000000000E+010  6.48394652565336750E+000
  542  72/ 5  7.30000000000000000E+010  6.05176806839740780E+000
  543  73/ 5  7.40000000000000000E+010  6.20165928020391450E+000
  544  74/ 5  7.50000000000000000E+010  6.20226030538473870E+000
  545  75/ 5  7.60000000000000000E+010  6.19974585943794840E+000
  546  76/ 5  7.70000000000000000E+010  5.91985099198481810E+000
  547  77/ 5  7.80000000000000000E+010  5.77032650588865610E+000
  548  78/ 5  7.90000000000000000E+010  6.07197864070116820E+000
  549  79/ 5  8.00000000000000000E+010  5.97933333996309190E+000
  550  80/ 5  8.10000000000000000E+010  4.68318896341864390E+000
  551  81/ 5  8.20000000000000000E+010  4.88459929160792150E+000
  552  82/ 5  8.30000000000000000E+010  5.35588921810443620E+000
  553  83/ 5  8.40000000000000000E+010  5.68045580929489270E+000
  554  84/ 5  8.50000000000000000E+010  4.84215459248329430E+000
  555  85/ 5  8.60000000000000000E+010  5.22850904209161720E+000
  556  86/ 5  8.70000000000000000E+010  4.82014682783690770E+000
  557  87/ 5  8.80000000000000000E+010  4.82726599406104120E+000
  558  88/ 5  8.90000000000000000E+010  4.62831154032927120E+000
  559  89/ 5  9.00000000000000000E+010  4.42205216734765920E+000
  560  90/ 5  9.10000000000000000E+010  5.29666317324897660E+000
  561  91/ 5  9.20000000000000000E+010  4.52404349077189140E+000
  562  92/ 5  9.30000000000000000E+010  3.93502073983201670E+000
  563  93/ 5  9.40000000000000000E+010  4.05024345944783360E+000
  564   0/ 6  1.00000000000000000E+009  4.32137903569547110E+001
  565   1/ 6  2.00000000000000000E+009  3.78184411965741280E+001
  566   2/ 6  3.00000000000000000E+009  3.44338553765511010E+001
  567   3/ 6  4.00000000000000000E+009  3.19999815269626570E+001
  568   4/ 6  5.00000000000000000E+009  3.00888974038769990E+001
  569   5/ 6  6.00000000000000000E+009  2.85331230370279380E+001
  570   6/ 6  7.00000000000000000E+009  2.72016677023717010E+001
  571   7/ 6  8.00000000000000000E+009  2.60567336172677170E+001
  572   8/ 6  9.00000000000000000E+009  2.50569505401062000E+001
  573   9/ 6  1.00000000000000000E+010  2.41083525232399790E+001
  574  10/ 6  1.10000000000000000E+010  2.32981708532957650E+001
  575  11/ 6  1.20000000000000000E+010  2.25746405099370730E+001
  576  12/ 6  1.30000000000000000E+010  2.18533788898719830E+001
  577  13/ 6  1.40000000000000000E+010  2.12043933682077890E+001
  578  14/ 6  1.50000000000000000E+010  2.06092598074542370E+001
  579  15/ 6  1.60000000000000000E+010  2.00336932034608850E+001
  580  16/ 6  1.70000000000000000E+010  1.95047239522414450E+001
  581  17/ 6  1.80000000000000000E+010  1.90090233920816910E+001
  582  18/ 6  1.90000000000000000E+010  1.85568126704926860E+001
  583  19/ 6  2.00000000000000000E+010  1.80213649570003080E+001
  584  20/ 6  2.10000000000000000E+010  1.77150400618673170E+001
  585  21/ 6  2.20000000000000000E+010  1.72732557702769820E+001
  586  22/ 6  2.30000000000000000E+010  1.68599469869334260E+001
  587  23/ 6  2.40000000000000000E+010  1.64727530622633220E+001
  588  24/ 6  2.50000000000000000E+010  1.61461164206940280E+001
  589  25/ 6  2.60000000000000000E+010  1.58025540007370040E+001
  590  26/ 6  2.70000000000000000E+010  1.54653854915372500E+001
  591  27/ 6  2.80000000000000000E+010  1.51501932403524030E+001
  592  28/ 6  2.90000000000000000E+010  1.48352642396873940E+001
  593  29/ 6  3.00000000000000000E+010  1.44471436800897170E+001
  594  30/ 6  3.10000000000000000E+010  1.40997525203243480E+001
  595  31/ 6  3.20000000000000000E+010  1.39906023277501750E+001
  596  32/ 6  3.30000000000000000E+010  1.36971275767718340E+001
  597  33/ 6  3.40000000000000000E+010  1.34613413022245180E+001
  598  34/ 6  3.50000000000000000E+010  1.30839505809934310E+001
  599  35/ 6  3.60000000000000000E+010  1.28167673930832940E+001
  600  36/ 6  3.70000000000000000E+010  1.25237823451002870E+001
  601  37/ 6  3.80000000000000000E+010  1.25462068594352360E+001
  602  38/ 6  3.90000000000000000E+010  1.18812400970771050E+001
  603  39/ 6  4.00000000000000000E+010  1.19852703667438030E+001
  604  40/ 6  4.10000000000000000E+010  1.15521119684814640E+001
  605  41/ 6  4.20000000000000000E+010  1.13861171493362190E+001
  606  42/ 6  4.30000000000000000E+010  1.11140882928191970E+001
  607  43/ 6  4.40000000000000000E+010  1.12546134637324120E+001
  608  44/ 6  4.50000000000000000E+010  1.12778357890323090E+001
  609  45/ 6  4.60000000000000000E+010  1.18159939907594700E+001
  610  46/ 6  4.70000000000000000E+010  1.47467132598242540E+001
  611  47/ 6  4.80000000000000000E+010  1.23730170955315910E+001
  612  48/ 6  4.90000000000000000E+010  1.07463488910796020E+001
  613  49/ 6  5.00000000000000000E+010  9.63382535230733520E+000
  614  50/ 6  5.10000000000000000E+010  8.69069518566313270E+000
  615  51/ 6  5.20000000000000000E+010  7.63288555639949800E+000
  616  52/ 6  5.30000000000000000E+010  9.75273693364805180E+000
  617  53/ 6  5.40000000000000000E+010  8.66951059415417900E+000
  618  54/ 6  5.50000000000000000E+010  6.75235435131809410E+000
  619  55/ 6  5.60000000000000000E+010  1.06206477430546830E+001
  620  56/ 6  5.70000000000000000E+010  9.11685324692905400E+000
  621  57/ 6  5.80000000000000000E+010  8.77702357589200060E+000
  622  58/ 6  5.90000000000000000E+010  8.94701165094330970E+000
  623  59/ 6  6.00000000000000000E+010  8.47049375076850100E+000
  624  60/ 6  6.10000000000000000E+010  8.77245513406347220E+000
  625  61/ 6  6.20000000000000000E+010  8.64072391845698110E+000
  626  62/ 6  6.30000000000000000E+010  8.35903131751294030E+000
  627  63/ 6  6.40000000000000000E+010  8.14711885782438120E+000
  628  64/ 6  6.50000000000000000E+010  8.36782881949236310E+000
  629  65/ 6  6.60000000000000000E+010  7.98668273851147600E+000
  630  66/ 6  6.70000000000000000E+010  7.72930287183910550E+000
  631  67/ 6  6.80000000000000000E+010  7.98778981129335630E+000
  632  68/ 6  6.90000000000000000E+010  7.47481450918293790E+000
  633  69/ 6  7.00000000000000000E+010  7.97316497980682650E+000
  634  70/ 6  7.10000000000000000E+010  7.64574090327328280E+000
  635  71/ 6  7.20000000000000000E+010  7.58895723614601980E+000
  636  72/ 6  7.30000000000000000E+010  7.15708723766134720E+000
  637  73/ 6  7.40000000000000000E+010  7.22491738310496070E+000
  638  74/ 6  7.50000000000000000E+010  7.29050463979561330E+000
  639  75/ 6  7.60000000000000000E+010  7.27034735624501490E+000
  640  76/ 6  7.70000000000000000E+010  6.97205389891248470E+000
  641  77/ 6  7.80000000000000000E+010  6.77880166253781800E+000
  642  78/ 6  7.90000000000000000E+010  7.14084780648757980E+000
  643  79/ 6  8.00000000000000000E+010  7.07445761759812530E+000
  644  80/ 6  8.10000000000000000E+010  5.69253135000364630E+000
  645  81/ 6  8.20000000000000000E+010  6.01274505434278960E+000
  646  82/ 6  8.30000000000000000E+010  6.43676020137963970E+000
  647  83/ 6  8.40000000000000000E+010  6.76700661072041320E+000
  648  84/ 6  8.50000000000000000E+010  5.87994869253390990E+000
  649  85/ 6  8.60000000000000000E+010  6.35695812698122700E+000
  650  86/ 6  8.70000000000000000E+010  5.89078222572154160E+000
  651  87/ 6  8.80000000000000000E+010  5.87385758774816220E+000
  652  88/ 6  8.90000000000000000E+010  5.77132728261956450E+000
  653  89/ 6  9.00000000000000000E+010  5.41636885858965660E+000
  654  90/ 6  9.10000000000000000E+010  6.38024356743658140E+000
  655  91/ 6  9.20000000000000000E+010  5.53076372349432610E+000
  656  92/ 6  9.30000000000000000E+010  5.17562222735172560E+000
  657  93/ 6  9.40000000000000000E+010  5.06794254550963960E+000
  658   0/ 7  1.00000000000000000E+009  4.29624574179535230E+001
  659   1/ 7  2.00000000000000000E+009  3.80444011114811930E+001
  660   2/ 7  3.00000000000000000E+009  3.48109341088977620E+001
  661   3/ 7  4.00000000000000000E+009  3.23878085384055440E+001
  662   4/ 7  5.00000000000000000E+009  3.05158815703410400E+001
  663   5/ 7  6.00000000000000000E+009  2.89660806433466110E+001
  664   6/ 7  7.00000000000000000E+009  2.76303467447899820E+001
  665   7/ 7  8.00000000000000000E+009  2.65132033147826500E+001
  666   8/ 7  9.00000000000000000E+009  2.54948344422379880E+001
  667   9/ 7  1.00000000000000000E+010  2.45765802077746970E+001
  668  10/ 7  1.10000000000000000E+010  2.37633288065318030E+001
  669  11/ 7  1.20000000000000000E+010  2.30275979815163550E+001
  670  12/ 7  1.30000000000000000E+010  2.23267866635629130E+001
  671  13/ 7  1.40000000000000000E+010  2.16784001635974160E+001
  672  14/ 7  1.50000000000000000E+010  2.10549574652477530E+001
  673  15/ 7  1.60000000000000000E+010  2.05220219107764020E+001
  674  16/ 7  1.70000000000000000E+010  1.99823582371268640E+001
  675  17/ 7  1.80000000000000000E+010  1.94909548552993710E+001
  676  18/ 7  1.90000000000000000E+010  1.90408045243677510E+001
  677  19/ 7  2.00000000000000000E+010  1.85138405879008840E+001
  678  20/ 7  2.10000000000000000E+010  1.82307171585540430E+001
  679  21/ 7  2.20000000000000000E+010  1.77462663669864260E+001
  680  22/ 7  2.30000000000000000E+010  1.73328077509218160E+001
  681  23/ 7  2.40000000000000000E+010  1.69642489104901340E+001
  682  24/ 7  2.50000000000000000E+010  1.66134726854049860E+001
  683  25/ 7  2.60000000000000000E+010  1.63011259567512500E+001
  684  26/ 7  2.70000000000000000E+010  1.59663964602381530E+001
  685  27/ 7  2.80000000000000000E+010  1.56736328173222880E+001
  686  28/ 7  2.90000000000000000E+010  1.53300306204179280E+001
  687  29/ 7  3.00000000000000000E+010  1.49532685515173040E+001
  688  30/ 7  3.10000000000000000E+010  1.46025905047409110E+001
  689  31/ 7  3.20000000000000000E+010  1.44836088251954390E+001
  690  32/ 7  3.30000000000000000E+010  1.41324842250180680E+001
  691  33/ 7  3.40000000000000000E+010  1.38902075357901180E+001
  692  34/ 7  3.50000000000000000E+010  1.35186679470258890E+001
  693  35/ 7  3.60000000000000000E+010  1.33397049645435220E+001
  694  36/ 7  3.70000000000000000E+010  1.29471208906596650E+001
  695  37/ 7  3.80000000000000000E+010  1.28923717425729900E+001
  696  38/ 7  3.90000000000000000E+010  1.23696243381429750E+001
  697  39/ 7  4.00000000000000000E+010  1.25740034219538470E+001
  698  40/ 7  4.10000000000000000E+010  1.20140253054322340E+001
  699  41/ 7  4.20000000000000000E+010  1.18622111923151370E+001
  700  42/ 7  4.30000000000000000E+010  1.15983949075106660E+001
  701  43/ 7  4.40000000000000000E+010  1.17643109431144030E+001
  702  44/ 7  4.50000000000000000E+010  1.17728838383283310E+001
  703  45/ 7  4.60000000000000000E+010  1.24682478228302620E+001
  704  46/ 7  4.70000000000000000E+010  1.54198093960270450E+001
  705  47/ 7  4.80000000000000000E+010  1.30123785371951670E+001
  706  48/ 7  4.90000000000000000E+010  1.18467616726777360E+001
  707  49/ 7  5.00000000000000000E+010  9.97110987955181120E+000
  708  50/ 7  5.10000000000000000E+010  9.50807034733474230E+000
  709  51/ 7  5.20000000000000000E+010  7.97624069804162690E+000
  710  52/ 7  5.30000000000000000E+010  1.00911565280242110E+001
  711  53/ 7  5.40000000000000000E+010  9.17539409065966010E+000
  712  54/ 7  5.50000000000000000E+010  7.21158171579878630E+000
  713  55/ 7  5.60000000000000000E+010  1.17410528288944230E+001
  714  56/ 7  5.70000000000000000E+010  9.59808623752450710E+000
  715  57/ 7  5.80000000000000000E+010  9.25225733317882340E+000
  716  58/ 7  5.90000000000000000E+010  9.40739600776306690E+000
  717  59/ 7  6.00000000000000000E+010  8.92950083781348700E+000
  718  60/ 7  6.10000000000000000E+010  9.20996055267052680E+000
  719  61/ 7  6.20000000000000000E+010  9.11240003120610350E+000
  720  62/ 7  6.30000000000000000E+010  8.82232702237860170E+000
  721  63/ 7  6.40000000000000000E+010  8.57170903270220740E+000
  722  64/ 7  6.50000000000000000E+010  8.81750080203365270E+000
  723  65/ 7  6.60000000000000000E+010  8.47408148011643370E+000
  724  66/ 7  6.70000000000000000E+010  8.12980233593425790E+000
  725  67/ 7  6.80000000000000000E+010  8.47219075603822520E+000
  726  68/ 7  6.90000000000000000E+010  7.90166977156135620E+000
  727  69/ 7  7.00000000000000000E+010  8.45818196180710840E+000
  728  70/ 7  7.10000000000000000E+010  8.11210948784183290E+000
  729  71/ 7  7.20000000000000000E+010  8.04288942608095430E+000
  730  72/ 7  7.30000000000000000E+010  7.66425001811332240E+000
  731  73/ 7  7.40000000000000000E+010  7.66457849011054650E+000
  732  74/ 7  7.50000000000000000E+010  7.77956160244120200E+000
  733  75/ 7  7.60000000000000000E+010  7.72211862000980440E+000
  734  76/ 7  7.70000000000000000E+010  7.48116956475840220E+000
  735  77/ 7  7.80000000000000000E+010  7.18581082264693900E+000
  736  78/ 7  7.90000000000000000E+010  7.58124412526013460E+000
  737  79/ 7  8.00000000000000000E+010  7.58034164316720640E+000
  738  80/ 7  8.10000000000000000E+010  6.22747257777130600E+000
  739  81/ 7  8.20000000000000000E+010  6.26758687260257740E+000
  740  82/ 7  8.30000000000000000E+010  7.05174852340369360E+000
  741  83/ 7  8.40000000000000000E+010  7.24723917260425750E+000
  742  84/ 7  8.50000000000000000E+010  6.29232110033527100E+000
  743  85/ 7  8.60000000000000000E+010  6.88181383455139790E+000
  744  86/ 7  8.70000000000000000E+010  6.33154777993789160E+000
  745  87/ 7  8.80000000000000000E+010  6.29650708247194400E+000
  746  88/ 7  8.90000000000000000E+010  6.16754148852927210E+000
  747  89/ 7  9.00000000000000000E+010  5.80242147187984700E+000
  748  90/ 7  9.10000000000000000E+010  6.76987390911621660E+000
  749  91/ 7  9.20000000000000000E+010  5.98331367347655440E+000
  750  92/ 7  9.30000000000000000E+010  5.71422186827216110E+000
  751  93/ 7  9.40000000000000000E+010  5.74007800174300890E+000
  752   0/ 8  1.00000000000000000E+009  4.20344445773004050E+001
  753   1/ 8  2.00000000000000000E+009  3.76280112358163730E+001
  754   2/ 8  3.00000000000000000E+009  3.45326206184560930E+001
  755   3/ 8  4.00000000000000000E+009  3.21882878927620060E+001
  756   4/ 8  5.00000000000000000E+009  3.03678985086258490E+001
  757   5/ 8  6.00000000000000000E+009  2.88471632462106700E+001
  758   6/ 8  7.00000000000000000E+009  2.75420153015347360E+001
  759   7/ 8  8.00000000000000000E+009  2.63904108573566240E+001
  760   8/ 8  9.00000000000000000E+009  2.53894117024525730E+001
  761   9/ 8  1.00000000000000000E+010  2.44847379935646640E+001
  762  10/ 8  1.10000000000000000E+010  2.36715852855939200E+001
  763  11/ 8  1.20000000000000000E+010  2.29397265678906170E+001
  764  12/ 8  1.30000000000000000E+010  2.22777717718516830E+001
  765  13/ 8  1.40000000000000000E+010  2.16002787377926780E+001
  766  14/ 8  1.50000000000000000E+010  2.09991767365206310E+001
  767  15/ 8  1.60000000000000000E+010  2.04644963946900270E+001
  768  16/ 8  1.70000000000000000E+010  1.98834715648832340E+001
  769  17/ 8  1.80000000000000000E+010  1.94290209004575480E+001
  770  18/ 8  1.90000000000000000E+010  1.89719140874201810E+001
  771  19/ 8  2.00000000000000000E+010  1.84644755786715500E+001
  772  20/ 8  2.10000000000000000E+010  1.81401221102436060E+001
  773  21/ 8  2.20000000000000000E+010  1.76881220584354290E+001
  774  22/ 8  2.30000000000000000E+010  1.72598611635371880E+001
  775  23/ 8  2.40000000000000000E+010  1.68708444453886100E+001
  776  24/ 8  2.50000000000000000E+010  1.65802536887787180E+001
  777  25/ 8  2.60000000000000000E+010  1.62503623361375490E+001
  778  26/ 8  2.70000000000000000E+010  1.59088584413983690E+001
  779  27/ 8  2.80000000000000000E+010  1.55846618002695860E+001
  780  28/ 8  2.90000000000000000E+010  1.52421151145312560E+001
  781  29/ 8  3.00000000000000000E+010  1.49676086453809350E+001
  782  30/ 8  3.10000000000000000E+010  1.46010780673930630E+001
  783  31/ 8  3.20000000000000000E+010  1.44554009175641090E+001
  784  32/ 8  3.30000000000000000E+010  1.40455203248382750E+001
  785  33/ 8  3.40000000000000000E+010  1.38785326650705090E+001
  786  34/ 8  3.50000000000000000E+010  1.35390112310841370E+001
  787  35/ 8  3.60000000000000000E+010  1.32768050788322360E+001
  788  36/ 8  3.70000000000000000E+010  1.28716703803046870E+001
  789  37/ 8  3.80000000000000000E+010  1.29324445015896730E+001
  790  38/ 8  3.90000000000000000E+010  1.22971362904691620E+001
  791  39/ 8  4.00000000000000000E+010  1.23592803196508640E+001
  792  40/ 8  4.10000000000000000E+010  1.19365995799107800E+001
  793  41/ 8  4.20000000000000000E+010  1.17564405356393580E+001
  794  42/ 8  4.30000000000000000E+010  1.14597311354493400E+001
  795  43/ 8  4.40000000000000000E+010  1.16997873273614770E+001
  796  44/ 8  4.50000000000000000E+010  1.16951088615848330E+001
  797  45/ 8  4.60000000000000000E+010  1.22787362067948750E+001
  798  46/ 8  4.70000000000000000E+010  1.54567646927135010E+001
  799  47/ 8  4.80000000000000000E+010  1.30365371318859500E+001
  800  48/ 8  4.90000000000000000E+010  1.14573492010360310E+001
  801  49/ 8  5.00000000000000000E+010  9.96798169662888610E+000
  802  50/ 8  5.10000000000000000E+010  9.13441823719098520E+000
  803  51/ 8  5.20000000000000000E+010  7.91662503212301690E+000
  804  52/ 8  5.30000000000000000E+010  9.93929890530137070E+000
  805  53/ 8  5.40000000000000000E+010  9.21919698459517890E+000
  806  54/ 8  5.50000000000000000E+010  7.12794685457220820E+000
  807  55/ 8  5.60000000000000000E+010  1.12512031857842500E+001
  808  56/ 8  5.70000000000000000E+010  9.53620051811570950E+000
  809  57/ 8  5.80000000000000000E+010  9.19000793386708640E+000
  810  58/ 8  5.90000000000000000E+010  9.35060217845554580E+000
  811  59/ 8  6.00000000000000000E+010  8.86202504830592730E+000
  812  60/ 8  6.10000000000000000E+010  9.13790384852909380E+000
  813  61/ 8  6.20000000000000000E+010  9.06285924812807050E+000
  814  62/ 8  6.30000000000000000E+010  8.75391971420348370E+000
  815  63/ 8  6.40000000000000000E+010  8.50607688134489590E+000
  816  64/ 8  6.50000000000000000E+010  8.76718165112942320E+000
  817  65/ 8  6.60000000000000000E+010  8.41956273905982750E+000
  818  66/ 8  6.70000000000000000E+010  8.04684353660198680E+000
  819  67/ 8  6.80000000000000000E+010  8.43311674474494310E+000
  820  68/ 8  6.90000000000000000E+010  7.82318198028724070E+000
  821  69/ 8  7.00000000000000000E+010  8.40805433209788160E+000
  822  70/ 8  7.10000000000000000E+010  8.09047974896394350E+000
  823  71/ 8  7.20000000000000000E+010  7.99370492181037130E+000
  824  72/ 8  7.30000000000000000E+010  7.61032407590229990E+000
  825  73/ 8  7.40000000000000000E+010  7.59279209347536540E+000
  826  74/ 8  7.50000000000000000E+010  7.75748015238933420E+000
  827  75/ 8  7.60000000000000000E+010  7.67400631667764980E+000
  828  76/ 8  7.70000000000000000E+010  7.46841157090402330E+000
  829  77/ 8  7.80000000000000000E+010  7.17104197975027090E+000
  830  78/ 8  7.90000000000000000E+010  7.55670077199597130E+000
  831  79/ 8  8.00000000000000000E+010  7.49779138365918830E+000
  832  80/ 8  8.10000000000000000E+010  6.30131636705403510E+000
  833  81/ 8  8.20000000000000000E+010  6.25732076529960680E+000
  834  82/ 8  8.30000000000000000E+010  7.00353544592386520E+000
  835  83/ 8  8.40000000000000000E+010  7.18505276165254080E+000
  836  84/ 8  8.50000000000000000E+010  6.27658629696207980E+000
  837  85/ 8  8.60000000000000000E+010  6.81837968125492820E+000
  838  86/ 8  8.70000000000000000E+010  6.28057418922957030E+000
  839  87/ 8  8.80000000000000000E+010  6.28830682916083020E+000
  840  88/ 8  8.90000000000000000E+010  6.09735412652470290E+000
  841  89/ 8  9.00000000000000000E+010  5.84912615210993270E+000
  842  90/ 8  9.10000000000000000E+010  6.81850797563423950E+000
  843  91/ 8  9.20000000000000000E+010  5.95643820487414730E+000
  844  92/ 8  9.30000000000000000E+010  5.57765116253550990E+000
  845  93/ 8  9.40000000000000000E+010  5.41086293782959520E+000
  846   0/ 9  1.00000000000000000E+009  3.96330765991960660E+001
  847   1/ 9  2.00000000000000000E+009  3.57322866297919570E+001
  848   2/ 9  3.00000000000000000E+009  3.29689659692725670E+001
  849   3/ 9  4.00000000000000000E+009  3.07920626799263460E+001
  850   4/ 9  5.00000000000000000E+009  2.92209255291759430E+001
  851   5/ 9  6.00000000000000000E+009  2.78056796476547560E+001
  852   6/ 9  7.00000000000000000E+009  2.65034896478724310E+001
  853   7/ 9  8.00000000000000000E+009  2.54121732950564480E+001
  854   8/ 9  9.00000000000000000E+009  2.44034631717937240E+001
  855   9/ 9  1.00000000000000000E+010  2.35459239546847210E+001
  856  10/ 9  1.10000000000000000E+010  2.27422710025067540E+001
  857  11/ 9  1.20000000000000000E+010  2.19992971160552600E+001
  858  12/ 9  1.30000000000000000E+010  2.13266316690068970E+001
  859  13/ 9  1.40000000000000000E+010  2.06722655148784260E+001
  860  14/ 9  1.50000000000000000E+010  2.00833279436023770E+001
  861  15/ 9  1.60000000000000000E+010  1.95999737644893130E+001
  862  16/ 9  1.70000000000000000E+010  1.89775549177889360E+001
  863  17/ 9  1.80000000000000000E+010  1.85224239151436830E+001
  864  18/ 9  1.90000000000000000E+010  1.80627543113880620E+001
  865  19/ 9  2.00000000000000000E+010  1.75700859210110000E+001
  866  20/ 9  2.10000000000000000E+010  1.72344404791221630E+001
  867  21/ 9  2.20000000000000000E+010  1.68035954346943260E+001
  868  22/ 9  2.30000000000000000E+010  1.64029726301193680E+001
  869  23/ 9  2.40000000000000000E+010  1.60368999874702960E+001
  870  24/ 9  2.50000000000000000E+010  1.56441312338977990E+001
  871  25/ 9  2.60000000000000000E+010  1.53524680303403720E+001
  872  26/ 9  2.70000000000000000E+010  1.50454982094695990E+001
  873  27/ 9  2.80000000000000000E+010  1.47157722386836540E+001
  874  28/ 9  2.90000000000000000E+010  1.43945537720815900E+001
  875  29/ 9  3.00000000000000000E+010  1.40863885914683080E+001
  876  30/ 9  3.10000000000000000E+010  1.37166223024733150E+001
  877  31/ 9  3.20000000000000000E+010  1.35555273207891740E+001
  878  32/ 9  3.30000000000000000E+010  1.32230380077923580E+001
  879  33/ 9  3.40000000000000000E+010  1.29701222305981820E+001
  880  34/ 9  3.50000000000000000E+010  1.26798113284341710E+001
  881  35/ 9  3.60000000000000000E+010  1.24260849058250040E+001
  882  36/ 9  3.70000000000000000E+010  1.20595673842139630E+001
  883  37/ 9  3.80000000000000000E+010  1.20338762541266690E+001
  884  38/ 9  3.90000000000000000E+010  1.15939093520477990E+001
  885  39/ 9  4.00000000000000000E+010  1.15165849020821230E+001
  886  40/ 9  4.10000000000000000E+010  1.10851263305818330E+001
  887  41/ 9  4.20000000000000000E+010  1.09517299544179300E+001
  888  42/ 9  4.30000000000000000E+010  1.06401456117710480E+001
  889  43/ 9  4.40000000000000000E+010  1.07669425826707580E+001
  890  44/ 9  4.50000000000000000E+010  1.09129701250568550E+001
  891  45/ 9  4.60000000000000000E+010  1.13719355909069700E+001
  892  46/ 9  4.70000000000000000E+010  1.42442456645774520E+001
  893  47/ 9  4.80000000000000000E+010  1.17528589797364060E+001
  894  48/ 9  4.90000000000000000E+010  1.06875507736660110E+001
  895  49/ 9  5.00000000000000000E+010  9.16485436559994680E+000
  896  50/ 9  5.10000000000000000E+010  8.33009591263420290E+000
  897  51/ 9  5.20000000000000000E+010  7.05032785463123530E+000
  898  52/ 9  5.30000000000000000E+010  9.15183133012167540E+000
  899  53/ 9  5.40000000000000000E+010  8.28224023740097690E+000
  900  54/ 9  5.50000000000000000E+010  6.44512776822808320E+000
  901  55/ 9  5.60000000000000000E+010  1.01250024852919540E+001
  902  56/ 9  5.70000000000000000E+010  8.62937258309589520E+000
  903  57/ 9  5.80000000000000000E+010  8.30728211612818330E+000
  904  58/ 9  5.90000000000000000E+010  8.43486228218529280E+000
  905  59/ 9  6.00000000000000000E+010  7.95948695254231000E+000
  906  60/ 9  6.10000000000000000E+010  8.20112726308687990E+000
  907  61/ 9  6.20000000000000000E+010  8.16919509487245500E+000
  908  62/ 9  6.30000000000000000E+010  7.81872065183228320E+000
  909  63/ 9  6.40000000000000000E+010  7.58932163061896860E+000
  910  64/ 9  6.50000000000000000E+010  7.85744391610404950E+000
  911  65/ 9  6.60000000000000000E+010  7.53511048122845390E+000
  912  66/ 9  6.70000000000000000E+010  7.13904462009971040E+000
  913  67/ 9  6.80000000000000000E+010  7.57393132348980290E+000
  914  68/ 9  6.90000000000000000E+010  6.93851320544690080E+000
  915  69/ 9  7.00000000000000000E+010  7.56441392850935120E+000
  916  70/ 9  7.10000000000000000E+010  7.20463618181227710E+000
  917  71/ 9  7.20000000000000000E+010  7.11535850990152510E+000
  918  72/ 9  7.30000000000000000E+010  6.78629170661777610E+000
  919  73/ 9  7.40000000000000000E+010  6.74234994970799130E+000
  920  74/ 9  7.50000000000000000E+010  6.89613930269383870E+000
  921  75/ 9  7.60000000000000000E+010  6.83426299306159720E+000
  922  76/ 9  7.70000000000000000E+010  6.62447100248181100E+000
  923  77/ 9  7.80000000000000000E+010  6.31053551127008470E+000
  924  78/ 9  7.90000000000000000E+010  6.76434602846418900E+000
  925  79/ 9  8.00000000000000000E+010  6.73313681707549260E+000
  926  80/ 9  8.10000000000000000E+010  5.29791782871455830E+000
  927  81/ 9  8.20000000000000000E+010  5.57890732148754060E+000
  928  82/ 9  8.30000000000000000E+010  6.07631673298569020E+000
  929  83/ 9  8.40000000000000000E+010  6.34320511454082770E+000
  930  84/ 9  8.50000000000000000E+010  5.41697131555969410E+000
  931  85/ 9  8.60000000000000000E+010  6.04067166467669200E+000
  932  86/ 9  8.70000000000000000E+010  5.44919479617115510E+000
  933  87/ 9  8.80000000000000000E+010  5.47771140891746720E+000
  934  88/ 9  8.90000000000000000E+010  5.31477087130795310E+000
  935  89/ 9  9.00000000000000000E+010  5.00182649718579060E+000
  936  90/ 9  9.10000000000000000E+010  6.01044979491115770E+000
  937  91/ 9  9.20000000000000000E+010  5.14440650837562790E+000
  938  92/ 9  9.30000000000000000E+010  4.91711405144502490E+000
  939  93/ 9  9.40000000000000000E+010  4.64753901200182540E+000
  940   0/10  1.00000000000000000E+009  3.40814635561090210E+001
  941   1/10  2.00000000000000000E+009  2.96645858258385960E+001
  942   2/10  3.00000000000000000E+009  2.65148644586059530E+001
  943   3/10  4.00000000000000000E+009  2.41256661781434760E+001
  944   4/10  5.00000000000000000E+009  2.22360036706843010E+001
  945   5/10  6.00000000000000000E+009  2.06123950490204740E+001
  946   6/10  7.00000000000000000E+009  1.93240584671653150E+001
  947   7/10  8.00000000000000000E+009  1.82085576936559760E+001
  948   8/10  9.00000000000000000E+009  1.71874176077852280E+001
  949   9/10  1.00000000000000000E+010  1.63527103071368670E+001
  950  10/10  1.10000000000000000E+010  1.55201016887214930E+001
  951  11/10  1.20000000000000000E+010  1.48178242212559380E+001
  952  12/10  1.30000000000000000E+010  1.41740410537194330E+001
  953  13/10  1.40000000000000000E+010  1.35588939902600850E+001
  954  14/10  1.50000000000000000E+010  1.30071928553857120E+001
  955  15/10  1.60000000000000000E+010  1.26701232368480610E+001
  956  16/10  1.70000000000000000E+010  1.19045393419095230E+001
  957  17/10  1.80000000000000000E+010  1.15520296568961850E+001
  958  18/10  1.90000000000000000E+010  1.11031970425261780E+001
  959  19/10  2.00000000000000000E+010  1.06941228917895540E+001
  960  20/10  2.10000000000000000E+010  1.03458724733686420E+001
  961  21/10  2.20000000000000000E+010  9.92503806407325760E+000
  962  22/10  2.30000000000000000E+010  9.58567929832436860E+000
  963  23/10  2.40000000000000000E+010  9.34247884401079890E+000
  964  24/10  2.50000000000000000E+010  8.86572314548305580E+000
  965  25/10  2.60000000000000000E+010  8.64586549700542410E+000
  966  26/10  2.70000000000000000E+010  8.42711666112504790E+000
  967  27/10  2.80000000000000000E+010  8.08006785186785060E+000
  968  28/10  2.90000000000000000E+010  7.81493230205871380E+000
  969  29/10  3.00000000000000000E+010  7.58061683726543480E+000
  970  30/10  3.10000000000000000E+010  7.28133106208048360E+000
  971  31/10  3.20000000000000000E+010  7.09766392386674830E+000
  972  32/10  3.30000000000000000E+010  6.76826183301832530E+000
  973  33/10  3.40000000000000000E+010  6.56941553094908490E+000
  974  34/10  3.50000000000000000E+010  6.39170978042917690E+000
  975  35/10  3.60000000000000000E+010  6.24118286694689410E+000
  976  36/10  3.70000000000000000E+010  5.81434579021306420E+000
  977  37/10  3.80000000000000000E+010  6.10178052467969860E+000
  978  38/10  3.90000000000000000E+010  5.44763992808082430E+000
  979  39/10  4.00000000000000000E+010  5.38570244425963200E+000
  980  40/10  4.10000000000000000E+010  4.89215421979405910E+000
  981  41/10  4.20000000000000000E+010  4.88050091528386250E+000
  982  42/10  4.30000000000000000E+010  4.62929557788891090E+000
  983  43/10  4.40000000000000000E+010  4.61429402409483650E+000
  984  44/10  4.50000000000000000E+010  4.75075359058750730E+000
  985  45/10  4.60000000000000000E+010  4.54407592073005690E+000
  986  46/10  4.70000000000000000E+010  5.14015778089766060E+000
  987  47/10  4.80000000000000000E+010  3.18396266708508420E+000
  988  48/10  4.90000000000000000E+010  2.98790804938973410E+000
  989  49/10  5.00000000000000000E+010  1.52309649055600290E+000
  990  50/10  5.10000000000000000E+010  1.12454608696793850E+000
  991  51/10  5.20000000000000000E+010  1.15494589615834140E+000
  992  52/10  5.30000000000000000E+010  3.68339122191362960E+000
  993  53/10  5.40000000000000000E+010  3.31378868472476460E+000
  994  54/10  5.50000000000000000E+010  1.47038607513098010E+000
  995  55/10  5.60000000000000000E+010  3.10092933446547250E+000
  996  56/10  5.70000000000000000E+010  2.84332653462356610E+000
  997  57/10  5.80000000000000000E+010  2.56299578113416750E+000
  998  58/10  5.90000000000000000E+010  2.70019404123238170E+000
  999  59/10  6.00000000000000000E+010  2.30448811106852510E+000
 1000  60/10  6.10000000000000000E+010  2.54070468617431900E+000
 1001  61/10  6.20000000000000000E+010  2.58408775291853040E+000
 1002  62/10  6.30000000000000000E+010  2.26973727006862310E+000
 1003  63/10  6.40000000000000000E+010  2.04104425831698590E+000
 1004  64/10  6.50000000000000000E+010  2.31163444031202130E+000
 1005  65/10  6.60000000000000000E+010  2.04338947228201470E+000
 1006  66/10  6.70000000000000000E+010  1.69538246076860100E+000
 1007  67/10  6.80000000000000000E+010  2.18835845301789210E+000
 1008  68/10  6.90000000000000000E+010  1.52608124067954210E+000
 1009  69/10  7.00000000000000000E+010  2.23902810941263650E+000
 1010  70/10  7.10000000000000000E+010  1.94167028398505880E+000
 1011  71/10  7.20000000000000000E+010  1.86861351712482550E+000
 1012  72/10  7.30000000000000000E+010  1.57837592622875330E+000
 1013  73/10  7.40000000000000000E+010  1.50593436015204410E+000
 1014  74/10  7.50000000000000000E+010  1.71090862362378940E+000
 1015  75/10  7.60000000000000000E+010  1.67202099994658490E+000
 1016  76/10  7.70000000000000000E+010  1.50644973004426700E+000
 1017  77/10  7.80000000000000000E+010  1.15450238129424450E+000
 1018  78/10  7.90000000000000000E+010  1.68252166519932310E+000
 1019  79/10  8.00000000000000000E+010  1.65313097083544110E+000
 1020  80/10  8.10000000000000000E+010  1.92258473380230110E-001
 1021  81/10  8.20000000000000000E+010  5.85701613258326260E-001
 1022  82/10  8.30000000000000000E+010  1.14111164898374810E+000
 1023  83/10  8.40000000000000000E+010  1.25615969171495200E+000
 1024  84/10  8.50000000000000000E+010  3.85068521745062450E-001
 1025  85/10  8.60000000000000000E+010  1.09583680006742770E+000
 1026  86/10  8.70000000000000000E+010  4.44794699986726380E-001
 1027  87/10  8.80000000000000000E+010  4.76723916818829860E-001
 1028  88/10  8.90000000000000000E+010  3.56782743547120810E-001
 1029  89/10  9.00000000000000000E+010  6.88479398143502230E-002
 1030  90/10  9.10000000000000000E+010  1.11056743186744480E+000
 1031  91/10  9.20000000000000000E+010  1.54620193713783330E-001
 1032  92/10  9.30000000000000000E+010 -8.17805876337857060E-002
 1033  93/10  9.40000000000000000E+010 -2.07511952284245960E-001
 1034   0/11  1.00000000000000000E+009  2.78308943038366290E+001
 1035   1/11  2.00000000000000000E+009  2.25434960141715380E+001
 1036   2/11  3.00000000000000000E+009  1.91683795866201340E+001
 1037   3/11  4.00000000000000000E+009  1.67233679034397080E+001
 1038   4/11  5.00000000000000000E+009  1.48467172441205970E+001
 1039   5/11  6.00000000000000000E+009  1.32970504754696850E+001
 1040   6/11  7.00000000000000000E+009  1.20116699979450930E+001
 1041   7/11  8.00000000000000000E+009  1.09145553213677570E+001
 1042   8/11  9.00000000000000000E+009  9.94325169800581680E+000
 1043   9/11  1.00000000000000000E+010  9.09094841880700240E+000
 1044  10/11  1.10000000000000000E+010  8.31121125803573690E+000
 1045  11/11  1.20000000000000000E+010  7.62648615246989350E+000
 1046  12/11  1.30000000000000000E+010  6.99026492926345980E+000
 1047  13/11  1.40000000000000000E+010  6.40773757175546340E+000
 1048  14/11  1.50000000000000000E+010  5.87556676578850730E+000
 1049  15/11  1.60000000000000000E+010  5.43811660288827080E+000
 1050  16/11  1.70000000000000000E+010  4.89631653960837630E+000
 1051  17/11  1.80000000000000000E+010  4.50121640882321740E+000
 1052  18/11  1.90000000000000000E+010  4.08560280860326590E+000
 1053  19/11  2.00000000000000000E+010  3.69510688022974600E+000
 1054  20/11  2.10000000000000000E+010  3.38370911835945300E+000
 1055  21/11  2.20000000000000000E+010  3.01447745938977050E+000
 1056  22/11  2.30000000000000000E+010  2.69185974659068170E+000
 1057  23/11  2.40000000000000000E+010  2.39408045535657930E+000
 1058  24/11  2.50000000000000000E+010  2.12793884645102520E+000
 1059  25/11  2.60000000000000000E+010  1.88443203510483940E+000
 1060  26/11  2.70000000000000000E+010  1.64440343576040670E+000
 1061  27/11  2.80000000000000000E+010  1.38689289492580150E+000
 1062  28/11  2.90000000000000000E+010  1.12996581053335230E+000
 1063  29/11  3.00000000000000000E+010  9.20722452932432710E-001
 1064  30/11  3.10000000000000000E+010  6.03146911168987660E-001
 1065  31/11  3.20000000000000000E+010  5.69451635277218760E-001
 1066  32/11  3.30000000000000000E+010  2.87530495473982850E-001
 1067  33/11  3.40000000000000000E+010  2.06385805201110970E-001
 1068  34/11  3.50000000000000000E+010 -2.62566662725228630E-002
 1069  35/11  3.60000000000000000E+010 -1.11584328911746920E-001
 1070  36/11  3.70000000000000000E+010 -5.83420628289753160E-001
 1071  37/11  3.80000000000000000E+010 -3.22517790734241030E-001
 1072  38/11  3.90000000000000000E+010 -8.79188746582991840E-001
 1073  39/11  4.00000000000000000E+010 -9.78974003845759610E-001
 1074  40/11  4.10000000000000000E+010 -1.16594182799986860E+000
 1075  41/11  4.20000000000000000E+010 -1.04761597292378860E+000
 1076  42/11  4.30000000000000000E+010 -1.35984459957361610E+000
 1077  43/11  4.40000000000000000E+010 -1.74025217298024230E+000
 1078  44/11  4.50000000000000000E+010 -1.38865563388951040E+000
 1079  45/11  4.60000000000000000E+010 -2.46007903507020800E+000
 1080  46/11  4.70000000000000000E+010 -3.67552388223689960E+000
 1081  47/11  4.80000000000000000E+010 -5.43356834873132490E+000
 1082  48/11  4.90000000000000000E+010 -4.37349206728142730E+000
 1083  49/11  5.00000000000000000E+010 -4.77450983097986190E+000
 1084  50/11  5.10000000000000000E+010 -5.29311114074755910E+000
 1085  51/11  5.20000000000000000E+010 -3.92740855748065830E+000
 1086  52/11  5.30000000000000000E+010 -2.07287375102864010E+000
 1087  53/11  5.40000000000000000E+010 -2.22458450680778430E+000
 1088  54/11  5.50000000000000000E+010 -4.04665088494192030E+000
 1089  55/11  5.60000000000000000E+010 -3.76819527314452610E+000
 1090  56/11  5.70000000000000000E+010 -2.59469609163703560E+000
 1091  57/11  5.80000000000000000E+010 -2.84384787623749120E+000
 1092  58/11  5.90000000000000000E+010 -2.70914373959571670E+000
 1093  59/11  6.00000000000000000E+010 -3.04669394706628570E+000
 1094  60/11  6.10000000000000000E+010 -2.77977877213738860E+000
 1095  61/11  6.20000000000000000E+010 -2.67334800082227190E+000
 1096  62/11  6.30000000000000000E+010 -2.95619888009789470E+000
 1097  63/11  6.40000000000000000E+010 -3.14476650669464460E+000
 1098  64/11  6.50000000000000000E+010 -2.86290126607482700E+000
 1099  65/11  6.60000000000000000E+010 -3.05793827994320470E+000
 1100  66/11  6.70000000000000000E+010 -3.39139749337911310E+000
 1101  67/11  6.80000000000000000E+010 -2.84568439181796820E+000
 1102  68/11  6.90000000000000000E+010 -3.45655021738054110E+000
 1103  69/11  7.00000000000000000E+010 -2.72276655684019710E+000
 1104  70/11  7.10000000000000000E+010 -2.96056503502757540E+000
 1105  71/11  7.20000000000000000E+010 -3.01052794364216410E+000
 1106  72/11  7.30000000000000000E+010 -3.26841702576294190E+000
 1107  73/11  7.40000000000000000E+010 -3.31309986760046420E+000
 1108  74/11  7.50000000000000000E+010 -3.06002925912316880E+000
 1109  75/11  7.60000000000000000E+010 -3.09616639677865100E+000
 1110  76/11  7.70000000000000000E+010 -3.18499592531179320E+000
 1111  77/11  7.80000000000000000E+010 -3.52847810806609590E+000
 1112  78/11  7.90000000000000000E+010 -2.96880759805052420E+000
 1113  79/11  8.00000000000000000E+010 -2.99309851033981290E+000
 1114  80/11  8.10000000000000000E+010 -4.12950135228321890E+000
 1115  81/11  8.20000000000000000E+010 -4.01725720375252940E+000
 1116  82/11  8.30000000000000000E+010 -3.30899776597121780E+000
 1117  83/11  8.40000000000000000E+010 -3.25949712483179650E+000
 1118  84/11  8.50000000000000000E+010 -4.11727811865309330E+000
 1119  85/11  8.60000000000000000E+010 -3.32711078916621930E+000
 1120  86/11  8.70000000000000000E+010 -3.98415664028830150E+000
 1121  87/11  8.80000000000000000E+010 -3.93197699964947840E+000
 1122  88/11  8.90000000000000000E+010 -4.03750903191810910E+000
 1123  89/11  9.00000000000000000E+010 -4.19256099595486460E+000
 1124  90/11  9.10000000000000000E+010 -3.29379655145320260E+000
 1125  91/11  9.20000000000000000E+010 -4.16022190747457100E+000
 1126  92/11  9.30000000000000000E+010 -4.35543062384816530E+000
 1127  93/11  9.40000000000000000E+010 -4.40684013368537020E+000
 1128   0/12  1.00000000000000000E+009  2.37310344613435440E+001
 1129   1/12  2.00000000000000000E+009  1.90425246344255650E+001
 1130   2/12  3.00000000000000000E+009  1.58438848988835730E+001
 1131   3/12  4.00000000000000000E+009  1.34923526601736920E+001
 1132   4/12  5.00000000000000000E+009  1.16578141042907680E+001
 1133   5/12  6.00000000000000000E+009  1.01421552768662590E+001
 1134   6/12  7.00000000000000000E+009  8.86609376357382750E+000
 1135   7/12  8.00000000000000000E+009  7.78271221884744070E+000
 1136   8/12  9.00000000000000000E+009  6.82570296718909210E+000
 1137   9/12  1.00000000000000000E+010  5.97785782238260310E+000
 1138  10/12  1.10000000000000000E+010  5.20953999457468430E+000
 1139  11/12  1.20000000000000000E+010  4.52928465721673930E+000
 1140  12/12  1.30000000000000000E+010  3.90498944168895030E+000
 1141  13/12  1.40000000000000000E+010  3.32386450110242840E+000
 1142  14/12  1.50000000000000000E+010  2.80542747616811190E+000
 1143  15/12  1.60000000000000000E+010  2.35517465717135450E+000
 1144  16/12  1.70000000000000000E+010  1.85564385072595340E+000
 1145  17/12  1.80000000000000000E+010  1.45783612783417290E+000
 1146  18/12  1.90000000000000000E+010  1.04833228160715850E+000
 1147  19/12  2.00000000000000000E+010  6.55691255501579360E-001
 1148  20/12  2.10000000000000000E+010  3.64562380780133920E-001
 1149  21/12  2.20000000000000000E+010  1.64841131696047800E-002
 1150  22/12  2.30000000000000000E+010 -2.93168340160807340E-001
 1151  23/12  2.40000000000000000E+010 -5.86337789357071150E-001
 1152  24/12  2.50000000000000000E+010 -8.47194289751258540E-001
 1153  25/12  2.60000000000000000E+010 -1.07603608103253330E+000
 1154  26/12  2.70000000000000000E+010 -1.29963559929023090E+000
 1155  27/12  2.80000000000000000E+010 -1.56718941689819100E+000
 1156  28/12  2.90000000000000000E+010 -1.81060557489075150E+000
 1157  29/12  3.00000000000000000E+010 -2.03005221811362310E+000
 1158  30/12  3.10000000000000000E+010 -2.33864661814473870E+000
 1159  31/12  3.20000000000000000E+010 -2.34440049703383080E+000
 1160  32/12  3.30000000000000000E+010 -2.57860814543068530E+000
 1161  33/12  3.40000000000000000E+010 -2.58049017385295620E+000
 1162  34/12  3.50000000000000000E+010 -2.95632972228206100E+000
 1163  35/12  3.60000000000000000E+010 -2.96454391993629370E+000
 1164  36/12  3.70000000000000000E+010 -3.33738160458147130E+000
 1165  37/12  3.80000000000000000E+010 -3.22751360371240640E+000
 1166  38/12  3.90000000000000000E+010 -3.79341578047229520E+000
 1167  39/12  4.00000000000000000E+010 -3.86567741829025020E+000
 1168  40/12  4.10000000000000000E+010 -3.98873512470720340E+000
 1169  41/12  4.20000000000000000E+010 -3.68145658511326570E+000
 1170  42/12  4.30000000000000000E+010 -4.03166694288097640E+000
 1171  43/12  4.40000000000000000E+010 -4.61808585699862920E+000
 1172  44/12  4.50000000000000000E+010 -4.28656291211365210E+000
 1173  45/12  4.60000000000000000E+010 -5.73768184447969180E+000
 1174  46/12  4.70000000000000000E+010 -7.92298149688661190E+000
 1175  47/12  4.80000000000000000E+010 -1.10163456832844280E+001
 1176  48/12  4.90000000000000000E+010 -7.57701523607952950E+000
 1177  49/12  5.00000000000000000E+010 -7.51464497669666900E+000
 1178  50/12  5.10000000000000000E+010 -7.03583569636837770E+000
 1179  51/12  5.20000000000000000E+010 -7.71113508993425430E+000
 1180  52/12  5.30000000000000000E+010 -5.88704736397333050E+000
 1181  53/12  5.40000000000000000E+010 -5.79608235487085470E+000
 1182  54/12  5.50000000000000000E+010 -6.06565805950333650E+000
 1183  55/12  5.60000000000000000E+010 -7.49335149487908400E+000
 1184  56/12  5.70000000000000000E+010 -5.21503434535982270E+000
 1185  57/12  5.80000000000000000E+010 -5.44487692245266160E+000
 1186  58/12  5.90000000000000000E+010 -5.29744041742871910E+000
 1187  59/12  6.00000000000000000E+010 -5.60486699454192920E+000
 1188  60/12  6.10000000000000000E+010 -5.34563646459661700E+000
 1189  61/12  6.20000000000000000E+010 -5.21885643903632080E+000
 1190  62/12  6.30000000000000000E+010 -5.51467078257074480E+000
 1191  63/12  6.40000000000000000E+010 -5.66850426632795920E+000
 1192  64/12  6.50000000000000000E+010 -5.38647723831385330E+000
 1193  65/12  6.60000000000000000E+010 -5.50138256849195880E+000
 1194  66/12  6.70000000000000000E+010 -5.92002403260475950E+000
 1195  67/12  6.80000000000000000E+010 -5.29045320816281880E+000
 1196  68/12  6.90000000000000000E+010 -5.84880845025011100E+000
 1197  69/12  7.00000000000000000E+010 -5.24826596230643890E+000
 1198  70/12  7.10000000000000000E+010 -5.34140514932444880E+000
 1199  71/12  7.20000000000000000E+010 -5.48428485575521570E+000
 1200  72/12  7.30000000000000000E+010 -5.60744902530965560E+000
 1201  73/12  7.40000000000000000E+010 -5.67898152623358940E+000
 1202  74/12  7.50000000000000000E+010 -5.41910304285663540E+000
 1203  75/12  7.60000000000000000E+010 -5.49483418231348080E+000
 1204  76/12  7.70000000000000000E+010 -5.55665021820405510E+000
 1205  77/12  7.80000000000000000E+010 -5.89063975330107500E+000
 1206  78/12  7.90000000000000000E+010 -5.30383317926820120E+000
 1207  79/12  8.00000000000000000E+010 -5.29260568730597750E+000
 1208  80/12  8.10000000000000000E+010 -6.35824214692480630E+000
 1209  81/12  8.20000000000000000E+010 -6.26985177013179660E+000
 1210  82/12  8.30000000000000000E+010 -5.55825048715412610E+000
 1211  83/12  8.40000000000000000E+010 -5.55597594035823850E+000
 1212  84/12  8.50000000000000000E+010 -6.38367297540205580E+000
 1213  85/12  8.60000000000000000E+010 -5.59667405095951590E+000
 1214  86/12  8.70000000000000000E+010 -6.19774114020351520E+000
 1215  87/12  8.80000000000000000E+010 -6.10948009761980960E+000
 1216  88/12  8.90000000000000000E+010 -6.23938434103621730E+000
 1217  89/12  9.00000000000000000E+010 -6.39052276591257760E+000
 1218  90/12  9.10000000000000000E+010 -5.46238719791610890E+000
 1219  91/12  9.20000000000000000E+010 -6.31811710514829890E+000
 1220  92/12  9.30000000000000000E+010 -6.73423661586521670E+000
 1221  93/12  9.40000000000000000E+010 -6.73968595021348630E+000
 1222   0/13  1.00000000000000000E+009  2.01923369802655730E+001
 1223   1/13  2.00000000000000000E+009  1.57469187450793320E+001
 1224   2/13  3.00000000000000000E+009  1.26126491981926170E+001
 1225   3/13  4.00000000000000000E+009  1.02893243676316340E+001
 1226   4/13  5.00000000000000000E+009  8.47203536203486780E+000
 1227   5/13  6.00000000000000000E+009  6.97692156784284730E+000
 1228   6/13  7.00000000000000000E+009  5.72191725455935260E+000
 1229   7/13  8.00000000000000000E+009  4.64995987881137030E+000
 1230   8/13  9.00000000000000000E+009  3.70805463934908720E+000
 1231   9/13  1.00000000000000000E+010  2.87143119271590490E+000
 1232  10/13  1.10000000000000000E+010  2.11489382137248550E+000
 1233  11/13  1.20000000000000000E+010  1.45117832702922290E+000
 1234  12/13  1.30000000000000000E+010  8.37936181376704000E-001
 1235  13/13  1.40000000000000000E+010  2.69988582338767320E-001
 1236  14/13  1.50000000000000000E+010 -2.38782559509868430E-001
 1237  15/13  1.60000000000000000E+010 -6.69863240448508200E-001
 1238  16/13  1.70000000000000000E+010 -1.15094298267400010E+000
 1239  17/13  1.80000000000000000E+010 -1.54048645685159100E+000
 1240  18/13  1.90000000000000000E+010 -1.93190182165920230E+000
 1241  19/13  2.00000000000000000E+010 -2.31411431770184790E+000
 1242  20/13  2.10000000000000000E+010 -2.59858215650688430E+000
 1243  21/13  2.20000000000000000E+010 -2.91654251096219410E+000
 1244  22/13  2.30000000000000000E+010 -3.23724916712270790E+000
 1245  23/13  2.40000000000000000E+010 -3.53535285453673340E+000
 1246  24/13  2.50000000000000000E+010 -3.73009712705371130E+000
 1247  25/13  2.60000000000000000E+010 -3.97871067222010840E+000
 1248  26/13  2.70000000000000000E+010 -4.19585836712546900E+000
 1249  27/13  2.80000000000000000E+010 -4.42583391341455460E+000
 1250  28/13  2.90000000000000000E+010 -4.63032847085937950E+000
 1251  29/13  3.00000000000000000E+010 -4.85902321551248480E+000
 1252  30/13  3.10000000000000000E+010 -5.15180190736738730E+000
 1253  31/13  3.20000000000000000E+010 -5.13097324556340250E+000
 1254  32/13  3.30000000000000000E+010 -5.40299769702715690E+000
 1255  33/13  3.40000000000000000E+010 -5.25895535995319020E+000
 1256  34/13  3.50000000000000000E+010 -5.85309125993590310E+000
 1257  35/13  3.60000000000000000E+010 -5.51801003826150800E+000
 1258  36/13  3.70000000000000000E+010 -6.24795546017188210E+000
 1259  37/13  3.80000000000000000E+010 -6.05242915618536690E+000
 1260  38/13  3.90000000000000000E+010 -6.40613295484101640E+000
 1261  39/13  4.00000000000000000E+010 -6.63224871470093460E+000
 1262  40/13  4.10000000000000000E+010 -6.72398800395229300E+000
 1263  41/13  4.20000000000000000E+010 -6.31461480395492550E+000
 1264  42/13  4.30000000000000000E+010 -6.59780234987519610E+000
 1265  43/13  4.40000000000000000E+010 -7.23571001762973150E+000
 1266  44/13  4.50000000000000000E+010 -7.09202470733158740E+000
 1267  45/13  4.60000000000000000E+010 -8.65301067724168680E+000
 1268  46/13  4.70000000000000000E+010 -1.16784543176142910E+001
 1269  47/13  4.80000000000000000E+010 -1.72989916262454530E+001
 1270  48/13  4.90000000000000000E+010 -9.65907615588449000E+000
 1271  49/13  5.00000000000000000E+010 -7.96844077581514210E+000
 1272  50/13  5.10000000000000000E+010 -8.09585751705581200E+000
 1273  51/13  5.20000000000000000E+010 -1.07889696320049250E+001
 1274  52/13  5.30000000000000000E+010 -9.18397181495456750E+000
 1275  53/13  5.40000000000000000E+010 -8.32143412696196450E+000
 1276  54/13  5.50000000000000000E+010 -7.67158052587706060E+000
 1277  55/13  5.60000000000000000E+010 -9.68859907161433580E+000
 1278  56/13  5.70000000000000000E+010 -7.78393227792987830E+000
 1279  57/13  5.80000000000000000E+010 -7.99441497166558610E+000
 1280  58/13  5.90000000000000000E+010 -7.86962011397453680E+000
 1281  59/13  6.00000000000000000E+010 -8.14088631041702370E+000
 1282  60/13  6.10000000000000000E+010 -7.91576816908949610E+000
 1283  61/13  6.20000000000000000E+010 -7.75386494273278440E+000
 1284  62/13  6.30000000000000000E+010 -8.04892783576950600E+000
 1285  63/13  6.40000000000000000E+010 -8.19508875769320790E+000
 1286  64/13  6.50000000000000000E+010 -7.89539122009078920E+000
 1287  65/13  6.60000000000000000E+010 -7.98133621590891270E+000
 1288  66/13  6.70000000000000000E+010 -8.36591566030214300E+000
 1289  67/13  6.80000000000000000E+010 -7.75559613401367280E+000
 1290  68/13  6.90000000000000000E+010 -8.32909113928111640E+000
 1291  69/13  7.00000000000000000E+010 -7.69252187343703930E+000
 1292  70/13  7.10000000000000000E+010 -7.76372440570563960E+000
 1293  71/13  7.20000000000000000E+010 -7.92010451928822600E+000
 1294  72/13  7.30000000000000000E+010 -7.98868095434831460E+000
 1295  73/13  7.40000000000000000E+010 -8.08017177313594280E+000
 1296  74/13  7.50000000000000000E+010 -7.82358664824957550E+000
 1297  75/13  7.60000000000000000E+010 -7.88904982383649230E+000
 1298  76/13  7.70000000000000000E+010 -7.89186220743583890E+000
 1299  77/13  7.80000000000000000E+010 -8.24640400844181440E+000
 1300  78/13  7.90000000000000000E+010 -7.64464457735411960E+000
 1301  79/13  8.00000000000000000E+010 -7.61700699592122630E+000
 1302  80/13  8.10000000000000000E+010 -8.67827732098577090E+000
 1303  81/13  8.20000000000000000E+010 -8.56017869479838820E+000
 1304  82/13  8.30000000000000000E+010 -7.77460389251191230E+000
 1305  83/13  8.40000000000000000E+010 -7.83774364787861800E+000
 1306  84/13  8.50000000000000000E+010 -8.65931424685958010E+000
 1307  85/13  8.60000000000000000E+010 -7.81473148560485950E+000
 1308  86/13  8.70000000000000000E+010 -8.46617846255325720E+000
 1309  87/13  8.80000000000000000E+010 -8.35981622597198100E+000
 1310  88/13  8.90000000000000000E+010 -8.49961012448459390E+000
 1311  89/13  9.00000000000000000E+010 -8.64650916063849450E+000
 1312  90/13  9.10000000000000000E+010 -7.68957530147335970E+000
 1313  91/13  9.20000000000000000E+010 -8.55089634927927020E+000
 1314  92/13  9.30000000000000000E+010 -8.85042011515219150E+000
 1315  93/13  9.40000000000000000E+010 -8.57739209597777650E+000
